-2.75002
-2.91552
-3.06308
3.09075
2.97932
2.88526
2.8078
2.74615
2.69955
2.66731
2.64889
2.64389
2.65206
2.67332
2.70771
2.75542
2.81669
2.89174
2.98079
3.08393
-3.08204
-2.95087
-2.80587
-2.64718
-2.47497
-2.28969
-2.09282
-1.8878
-1.68059
-1.47828
-1.28642
-1.10791
-0.943767
-0.794294
-0.659676
-0.540185
-0.436149
-0.347877
-0.275597
-0.219424
-0.17936
-0.155308
-0.147094
-0.154481
-0.177177
-0.21484
-0.267073
-0.333419
-0.413362
-0.506327
-0.611691
-0.728783
-0.856849
-0.994963
-1.14182
-1.29542
-1.4528
-1.61001
-1.7627
-1.90703
-2.04028
-2.16083
-2.26784
-2.36086
-2.43967
-2.50413
-2.5542
-2.58989
-2.61127
-2.61853
-2.61188
-2.59166
-2.55826
-2.51215
-2.45386
-2.38403
-2.30335
-2.21261
-2.11275
-2.00488
-1.89043
-1.77127
-1.64971
-1.52848
-1.41048
-1.29843
-1.19452
-1.10041
-1.01719
-0.945569
-0.885974
-0.838648
-0.803694
-0.781112
-0.770803
-0.772583
-0.786182
-0.811248
-0.847341
-1.94163
-1.96997
-1.99258
-2.00853
-2.01704
-2.01757
-2.0098
-1.99372
-1.96953
-1.93767
-1.89875
-1.85355
-1.80296
-1.74797
-1.68962
-1.62898
-1.56715
-1.50521
-1.44421
-1.38515
-1.32899
-1.2766
-1.22879
-1.18627
-1.14964
-1.11943
-1.09603
-1.07972
-1.07068
-1.06897
-1.07454
-1.08724
-1.10679
-1.13285
-1.16495
-1.20253
-1.24496
-1.29151
-1.34142
-1.39382
-1.44786
-1.50262
-1.55722
-1.61076
-1.66241
-1.71137
-1.75693
-1.79845
-1.83538
-1.86726
-1.89376
-1.91462
-1.92969
-1.93893
-1.94238
-1.94017
-1.93252
-1.91973
-1.90219
-1.88031
-1.8546
-1.8256
-1.79389
-1.76008
-1.7248
-1.68866
-1.6523
-1.61634
-1.58135
-1.5479
-1.51651
-1.48763
-1.46169
-1.43902
-1.4199
-1.40454
-1.39305
-1.38548
-1.38177
-1.38179
-1.38534
-1.39213
-1.40183
-1.41404
-1.42834
-1.44428
-1.4614
-1.47929
-1.49751
-1.51567
-1.53343
-1.55046
-1.56648
-1.58125
-1.59454
-1.60617
-1.616
-1.62389
-1.62977
1.70764
1.80972
1.91338
2.02008
2.13127
2.24836
2.37277
2.50585
2.64891
2.80306
2.96905
-3.13603
-2.94629
-2.74618
-2.53761
-2.32277
-2.10357
-1.88118
-1.65599
-1.42834
-1.20009
-0.976443
-0.765693
-0.575312
-0.408745
-0.266191
-0.146579
-0.0486697
0.0286227
0.0862192
0.124935
0.145525
0.148698
0.135114
0.10537
0.0600058
-0.000479984
-0.0755942
-0.164792
-0.267412
-0.382599
-0.509248
-0.645963
-0.791065
-0.942657
-1.09875
-1.25742
-1.41695
-1.57593
-1.73316
-1.88748
-2.03746
-2.18107
-2.31563
-2.4381
-2.54568
-2.63633
-2.70892
-2.76304
-2.79869
-2.81611
-2.81572
-2.79801
-2.76356
-2.71307
-2.64739
-2.56748
-2.47446
-2.36963
-2.25439
-2.13029
-1.99899
-1.86223
-1.72187
-1.57993
-1.43866
-1.30051
-1.16807
-1.04389
-0.930235
-0.828882
-0.741093
-0.66766
-0.60901
-0.565313
-0.536557
-0.522604
-0.523218
-0.538078
-0.566784
-0.608852
-0.663702
-0.730642
-0.808845
-0.897324
-0.994891
-1.10013
-1.21135
-1.32662
2.33358
2.24212
2.15256
2.06574
1.98306
1.90636
1.8377
1.77901
1.73175
1.69667
1.67374
1.6623
1.66122
1.66914
1.68471
1.70669
1.73405
1.76601
1.80207
1.84197
1.88574
1.93359
1.98594
2.04337
2.10656
2.17627
2.25331
2.33848
2.43254
2.53619
2.65009
2.77484
2.91102
3.0592
-3.06331
-2.88975
-2.70327
-2.50438
-2.29445
-2.07588
-1.85212
-1.62745
-1.40651
-1.19379
-0.993145
-0.80749
-0.638713
-0.487801
-0.355065
-0.2404
-0.143484
-0.0639229
-0.00131649
0.044712
0.0745129
0.0884158
0.0867377
0.0697923
0.0379017
-0.00858629
-0.0692744
-0.143684
-0.23122
-0.331121
-0.442424
-0.563911
-0.694076
-0.831092
-0.972799
-1.11672
-1.26009
-1.39996
-1.5333
-1.65718
-1.76896
-1.86651
-1.94838
-2.01402
-2.06384
-2.09923
-2.12241
-2.1361
-2.143
-2.14539
-2.14477
-2.14189
-2.13684
-2.1293
-2.11872
-2.10447
-2.08596
-2.06271
-2.03437
-2.00074
-1.96182
-1.91777
-1.86896
-1.81591
-1.75931
0.957495
0.93802
0.91179
0.878294
0.836963
0.787191
0.728344
0.659764
0.580777
0.4907
0.38886
0.274633
0.147493
0.0071096
-0.14653
-0.312969
-0.49112
-0.679151
-0.874492
-1.074
-1.27432
-1.47235
-1.66568
-1.85279
-2.03289
-2.20557
-2.37014
-2.52511
-2.66798
-2.79557
-2.90499
-2.99432
-3.06269
-3.10995
-3.13628
3.14117
-3.12756
-3.09338
-3.04007
-2.96833
-2.87907
-2.7734
-2.65268
-2.51851
-2.37274
-2.21739
-2.05465
-1.88669
-1.7157
-1.54385
-1.37341
-1.20685
-1.04695
-0.896654
-0.758738
-0.635427
-0.52821
-0.437892
-0.364776
-0.308854
-0.26995
-0.247801
-0.242099
-0.252507
-0.278653
-0.320125
-0.376449
-0.447071
-0.531329
-0.628433
-0.737428
-0.857159
-0.98622
-1.12289
-1.26506
-1.41026
-1.55566
-1.69833
-1.83546
-1.96457
-2.08368
-2.19127
-2.28623
-2.36776
-2.43534
-2.48864
-2.5275
-2.55189
-2.56192
-2.5578
-2.53983
-2.50843
-2.46414
-2.40761
-2.33967
-2.26137
-2.174
-2.0791
-1.97849
1.8367
1.78765
1.74282
1.70147
1.66294
1.6267
1.59238
1.55971
1.52857
1.49896
1.471
1.44488
1.42084
1.39912
1.3799
1.36325
1.34899
1.33662
1.32528
1.31368
1.30021
1.283
1.26022
1.23021
1.19167
1.1437
1.08573
1.01745
0.93864
0.849057
0.748374
0.636129
0.511755
0.37467
0.224464
0.0611612
-0.114528
-0.301147
-0.496746
-0.699312
-0.907024
-1.11817
-1.33089
-1.54286
-1.75128
-1.95288
-2.14425
-2.32204
-2.48324
-2.62529
-2.74613
-2.84422
-2.91855
-2.96862
-2.99445
-2.99648
-2.97557
-2.93288
-2.8699
-2.78856
-2.69136
-2.58145
-2.4623
-2.33713
-2.20833
-2.07737
-1.94508
-1.81202
-1.67882
-1.54635
-1.41583
-1.28874
-1.16678
-1.05169
-0.945118
-0.84852
-0.763101
-0.68979
-0.629256
-0.581936
-0.548078
-0.527769
-0.520976
-0.527558
-0.547283
-0.579836
-0.624823
-0.68178
-0.750188
-0.829503
-0.919172
-1.01865
-1.12735
-1.24455
-1.36908
-1.499
-1.63122
-1.76152
-1.88528
-3.11269
-2.93736
-2.73335
-2.50333
-2.25144
-1.98297
-1.70386
-1.42032
-1.13857
-0.864618
-0.603977
-0.361041
-0.138557
0.0624164
0.242118
0.401594
0.542316
0.665941
0.774175
0.868679
0.951028
1.02267
1.08492
1.13895
1.18577
1.22625
1.26113
1.29101
1.31635
1.3375
1.35468
1.36802
1.37753
1.3831
1.38456
1.38164
1.374
1.36123
1.34289
1.31849
1.28754
1.24955
1.20401
1.15043
1.08832
1.0172
0.936539
0.845798
0.744395
0.631733
0.50723
0.370379
0.220837
0.0585342
-0.116203
-0.302552
-0.499139
-0.704105
-0.915282
-1.13049
-1.34778
-1.56558
-1.78231
-1.99579
-2.20253
-2.3977
-2.57653
-2.73575
-2.87408
-2.99152
-3.08865
3.11701
3.05842
3.01818
2.99578
2.99078
3.00277
3.03135
3.07615
3.13675
-3.07051
-2.9798
-2.87502
-2.75699
-2.62674
-2.48543
-2.33436
-2.17491
-2.00852
-1.8368
-1.66166
-1.48563
-1.31205
-1.14487
-0.988011
-0.844621
-0.716712
-0.605325
-0.510859
1.39707
1.34709
1.29392
1.2373
1.1768
1.11188
1.04184
0.965913
0.883205
0.792776
0.693654
0.584886
0.465604
0.335103
0.192935
0.0389969
-0.126411
-0.302548
-0.488241
-0.681876
-0.88139
-1.08422
-1.28729
-1.48702
-1.67945
-1.8604
-2.02582
-2.17199
-2.29583
-2.39521
-2.46909
-2.51764
-2.54231
-2.54573
-2.53153
-2.50398
-2.46727
-2.42477
-2.37865
-2.32989
-2.27866
-2.22465
-2.16737
-2.10636
-2.04133
-1.97219
-1.89919
-1.82291
-1.74423
-1.66432
-1.58451
-1.50621
-1.43072
-1.35919
-1.29253
-1.23138
-1.17609
-1.1268
-1.08347
-1.04591
-1.01384
-0.986967
-0.965008
-0.947773
-0.935223
-0.927525
-0.925101
-0.928627
-0.938985
-0.957146
-0.984017
-1.02029
-1.0663
-1.12198
-1.18685
-1.26003
-1.3403
-1.42617
-1.51598
-1.60797
-1.70032
-1.79128
-1.87918
-1.96249
-2.03983
-2.11002
-2.17206
-2.22516
-2.26869
-2.30223
-2.32551
-2.33842
-2.34099
-2.33339
-2.31591
-2.28897
-2.25311
-2.20899
-2.15738
-0.546951
-0.511295
-0.488132
-0.477651
-0.479912
-0.49485
-0.522293
-0.561956
-0.613452
-0.676281
-0.749827
-0.833344
-0.925934
-1.02653
-1.13388
-1.24652
-1.36279
-1.48087
-1.59877
-1.71446
-1.82587
-1.93098
-2.02789
-2.11482
-2.19019
-2.25256
-2.30074
-2.33374
-2.35082
-2.35151
-2.33564
-2.30335
-2.25519
-2.19224
-2.11626
-2.02996
-1.93688
-1.84106
-1.7462
-1.65506
-1.56927
-1.48962
-1.41639
-1.34964
-1.28939
-1.23566
-1.18853
-1.14813
-1.11457
-1.08801
-1.06853
-1.05619
-1.05101
-1.05291
-1.06178
-1.07744
-1.09967
-1.12821
-1.16277
-1.20305
-1.24875
-1.29957
-1.35519
-1.41524
-1.47927
-1.54666
-1.6165
-1.68752
-1.75801
-1.82592
-1.88901
-1.94519
-1.99274
-2.03049
-2.05777
-2.07436
-2.08037
-2.07614
-2.06221
-2.03924
-2.00798
-1.96926
-1.92399
-1.87306
-1.81744
-1.75807
-1.69589
-1.63185
-1.56689
-1.50192
-1.4379
-1.37577
-1.31649
-1.26103
-1.21036
-1.16537
-1.1269
-1.09567
-1.07225
-1.67064
-1.63956
-1.60801
-1.57506
-1.53994
-1.50196
-1.46048
-1.41491
-1.36474
-1.30971
-1.25
-1.18666
-1.12199
-1.05981
-1.00503
-0.962524
-0.93587
-0.926936
-0.93611
-0.962743
-1.00551
-1.06264
-1.13208
-1.21157
-1.29878
-1.39136
-1.48701
-1.58353
-1.67891
-1.77131
-1.85916
-1.94109
-2.016
-2.083
-2.14141
-2.19076
-2.23072
-2.26114
-2.28198
-2.29332
-2.29537
-2.28842
-2.27287
-2.2492
-2.21796
-2.17979
-2.13538
-2.08547
-2.03086
-1.97235
-1.91077
-1.84694
-1.78168
-1.71577
-1.64997
-1.58498
-1.52149
-1.46013
-1.40149
-1.34615
-1.29463
-1.24742
-1.20498
-1.16773
-1.13602
-1.11016
-1.0904
-1.0769
-1.06976
-1.06901
-1.07456
-1.08627
-1.1039
-1.12712
-1.15551
-1.18857
-1.22572
-1.2663
-1.3096
-1.35483
-1.40117
-1.44776
-1.49373
-1.53824
-1.58046
-1.61962
-1.65506
-1.68621
-1.71263
-1.73407
-1.75043
-1.76178
-1.76839
-1.77068
-1.76919
-1.76454
-1.75738
-1.74833
-1.73793
-1.38846
-1.47822
-1.57892
-1.68709
-1.7992
-1.91185
-2.02195
-2.12677
-2.22405
-2.31192
-2.38893
-2.45401
-2.50636
-2.54549
-2.57109
-2.58305
-2.58142
-2.56635
-2.53814
-2.49717
-2.44395
-2.3791
-2.30339
-2.21773
-2.1232
-2.0211
-1.91289
-1.80021
-1.68488
-1.5688
-1.45392
-1.34214
-1.23531
-1.13509
-1.043
-0.960359
-0.888281
-0.827723
-0.779479
-0.744211
-0.722464
-0.714669
-0.721147
-0.742095
-0.777586
-0.827549
-0.891749
-0.969716
-1.06059
-1.16287
-1.27401
-1.39026
-1.50698
-1.61963
-1.72477
-1.82041
-1.90567
-1.98033
-2.04444
-2.09817
-2.14169
-2.17519
-2.19884
-2.21285
-2.21746
-2.21296
-2.1997
-2.17808
-2.14859
-2.11174
-2.0681
-2.01827
-1.96284
-1.90243
-1.83761
-1.76896
-1.69704
-1.62246
-1.54596
-1.46846
-1.39115
-1.31558
-1.2436
-1.17721
-1.11834
-1.06862
-1.02925
-1.00096
-0.984073
-0.978581
-0.98422
-1.00053
-1.0269
-1.06259
-1.10675
-1.15847
-1.21677
-1.28059
-1.34887
0.687443
0.661597
0.624095
0.574691
0.513105
0.439023
0.352113
0.252037
0.138486
0.0112149
-0.129881
-0.284674
-0.45267
-0.632872
-0.823638
-1.02261
-1.22674
-1.43242
-1.63578
-1.83295
-2.02044
-2.19536
-2.35554
-2.49954
-2.62653
-2.73616
-2.82838
-2.90334
-2.96127
-3.00246
-3.02722
-3.03585
-3.0287
-3.00611
-2.96847
-2.91622
-2.84988
-2.77005
-2.6775
-2.57316
-2.45818
-2.33395
-2.20216
-2.06479
-1.92416
-1.78284
-1.64365
-1.50954
-1.38355
-1.2686
-1.16746
-1.0825
-1.01564
-0.968126
-0.940434
-0.93213
-0.941755
-0.966746
-1.00351
-1.04786
-1.09578
-1.14417
-1.19124
-1.23627
-1.2793
-1.32075
-1.36115
-1.40103
-1.44076
-1.48058
-1.52055
-1.56053
-1.60027
-1.63937
-1.67735
-1.7137
-1.74786
-1.7793
-1.80753
-1.83208
-1.8526
-1.86878
-1.8804
-1.88733
-1.88952
-1.88702
-1.87993
-1.86847
-1.85289
-1.83354
-1.81082
-1.78519
-1.75714
-1.72723
-1.69602
-1.6641
-1.63204
-1.60043
-1.56982
1.82281
1.93187
2.04631
2.16738
2.29629
2.43423
2.58231
2.74146
2.91235
3.09524
-2.99333
-2.78793
-2.57334
-2.35172
-2.12547
-1.89686
-1.66774
-1.43956
-1.21393
-0.99351
-0.782665
-0.586721
-0.410048
-0.254805
-0.121296
-0.00890847
0.0832276
0.15595
0.209984
0.245943
0.264347
0.265648
0.250247
0.218508
0.170775
0.107401
0.028776
-0.0646313
-0.172225
-0.293239
-0.426711
-0.571476
-0.726207
-0.889476
-1.05982
-1.23575
-1.41565
-1.5975
-1.77852
-1.95501
-2.12272
-2.27775
-2.4173
-2.53984
-2.64476
-2.73199
-2.80169
-2.85411
-2.88956
-2.90839
-2.91093
-2.89757
-2.86873
-2.82488
-2.76656
-2.69437
-2.609
-2.51126
-2.40204
-2.28238
-2.15347
-2.01673
-1.87396
-1.7274
-1.57981
-1.43436
-1.29427
-1.16242
-1.04107
-0.93182
-0.835718
-0.753425
-0.685333
-0.631652
-0.592456
-0.567712
-0.557293
-0.560987
-0.578497
-0.60945
-0.653385
-0.709748
-0.777871
-0.856943
-0.945967
-1.0437
-1.14861
-1.25881
-1.37212
0.662436
0.668585
0.661569
0.641877
0.609821
0.565541
0.509021
0.440113
0.358566
0.26408
0.15637
0.0352611
-0.0991893
-0.246551
-0.405885
-0.575666
-0.753814
-0.937822
-1.12494
-1.31228
-1.49693
-1.67589
-1.84618
-2.00489
-2.14933
-2.27712
-2.38639
-2.4758
-2.54464
-2.59282
-2.62079
-2.62954
-2.62051
-2.59551
-2.55663
-2.50608
-2.44602
-2.37831
-2.3044
-2.22532
-2.14178
-2.05425
-1.96318
-1.86904
-1.77246
-1.67426
-1.57547
-1.47728
-1.38105
-1.28817
-1.20005
-1.11801
-1.04326
-0.97681
-0.919534
-0.872103
-0.835025
-0.808655
-0.793213
-0.788805
-0.795435
-0.813025
-0.841422
-0.880417
-0.929758
-0.989155
-1.05829
-1.13677
-1.22408
-1.31944
-1.42153
-1.52827
-1.6366
-1.7427
-1.84268
-1.93335
-2.01265
-2.07955
-2.1337
-2.17521
-2.20437
-2.22163
-2.2275
-2.22255
-2.2074
-2.18273
-2.14927
-2.10778
-2.05909
-2.00401
-1.9434
-1.87809
-1.80893
-1.73672
-1.66226
-1.58637
-1.50989
-1.43377
-1.3591
2.70403
2.75328
2.81203
2.88115
2.96147
3.05379
-3.1244
-3.00619
-2.87445
-2.72926
-2.57113
-2.40115
-2.221
-2.033
-1.84
-1.64527
-1.45229
-1.2645
-1.08508
-0.916795
-0.761823
-0.621778
-0.497716
-0.390218
-0.299488
-0.225459
-0.167888
-0.126432
-0.100706
-0.0903167
-0.094883
-0.114031
-0.147384
-0.194543
-0.255067
-0.328456
-0.414138
-0.511457
-0.619665
-0.73789
-0.865107
-1.00008
-1.14133
-1.28707
-1.43523
-1.58349
-1.72936
-1.87028
-2.00374
-2.12736
-2.23899
-2.33672
-2.4189
-2.48416
-2.53141
-2.55987
-2.56908
-2.5589
-2.52953
-2.48158
-2.41605
-2.33462
-2.23981
-2.13512
-2.02478
-1.91289
-1.80264
-1.69602
-1.59403
-1.49714
-1.40563
-1.31977
-1.23992
-1.16656
-1.10022
-1.04146
-0.990824
-0.948789
-0.91574
-0.891956
-0.877604
-0.872739
-0.877312
-0.891178
-0.914109
-0.945807
-0.985922
-1.03407
-1.08984
-1.15282
-1.22259
-1.29867
-1.38048
-1.46722
-1.55769
-1.65017
-1.74228
-1.83117
-1.91389
2.14659
2.19659
2.25515
2.32311
2.40129
2.49045
2.59128
2.70439
2.83034
2.96967
3.12289
-2.99271
-2.81047
-2.61386
-2.40444
-2.18573
-1.96312
-1.74235
-1.52772
-1.32178
-1.12613
-0.942084
-0.771022
-0.614369
-0.473466
-0.349446
-0.243157
-0.155156
-0.0857355
-0.0349701
-0.00276899
0.0110827
0.00688756
-0.0149944
-0.0541708
-0.110234
-0.182767
-0.271318
-0.375334
-0.494025
-0.626152
-0.769792
-0.922211
-1.08007
-1.23993
-1.39878
-1.55429
-1.70462
-1.84826
-1.9838
-2.10986
-2.22508
-2.32818
-2.41805
-2.4937
-2.5544
-2.59958
-2.62888
-2.64215
-2.63937
-2.62069
-2.5864
-2.53693
-2.47288
-2.39506
-2.30463
-2.20323
-2.09308
-1.97695
-1.85791
-1.7389
-1.62237
-1.51015
-1.40359
-1.30368
-1.21124
-1.12698
-1.05161
-0.98574
-0.929959
-0.884763
-0.850559
-0.827649
-0.816229
-0.816387
-0.828107
-0.851269
-0.885651
-0.930923
-0.986624
-1.05213
-1.12659
-1.20884
-1.29731
-1.38997
-1.48441
-1.57805
-1.66843
-1.7535
1.66241
1.77934
1.86684
1.93013
1.97543
2.0098
2.041
2.07704
2.12541
2.19231
2.28242
2.39909
2.5445
2.71972
2.92464
-3.12525
-2.86613
-2.58493
-2.28635
-1.97561
-1.65804
-1.33902
-1.02458
-0.721696
-0.437066
-0.174961
0.0633984
0.278825
0.47305
0.648114
0.806142
0.949261
1.07956
1.19909
1.3098
1.41355
1.51211
1.60716
1.70027
1.79294
1.88662
1.98271
2.08258
2.18759
2.29909
2.4184
2.54675
2.68526
2.83477
2.99575
-3.11501
-2.93167
-2.73836
-2.53615
-2.32595
-2.10823
-1.88318
-1.65167
-1.4169
-1.18586
-0.967622
-0.768743
-0.591543
-0.435803
-0.300573
-0.184945
-0.0882004
-0.00977063
0.0508451
0.0941248
0.120539
0.130543
0.124571
0.10302
0.0662626
0.0146618
-0.0513975
-0.131464
-0.224972
-0.331198
-0.449228
-0.577957
-0.716131
-0.862422
-1.01552
-1.17422
-1.33738
-1.50377
-1.6717
-1.83859
-2.00072
-2.15368
-2.29339
-2.41705
-2.52323
-2.61147
-2.68181
-2.73456
-2.77008
-1.56948
-1.70352
-1.83042
-1.94825
-2.05533
-2.15026
-2.23194
-2.2996
-2.35277
-2.39128
-2.41523
-2.42498
-2.4211
-2.40438
-2.37579
-2.33643
-2.28755
-2.23042
-2.16637
-2.09663
-2.02238
-1.94469
-1.86458
-1.78301
-1.70095
-1.61938
-1.53932
-1.46182
-1.38797
-1.31886
-1.25557
-1.19911
-1.15045
-1.11043
-1.07979
-1.05914
-1.04891
-1.04938
-1.06063
-1.08253
-1.11465
-1.15629
-1.20631
-1.26321
-1.32506
-1.3897
-1.45491
-1.51873
-1.57957
-1.63631
-1.6882
-1.73482
-1.77591
-1.81136
-1.8411
-1.86512
-1.88344
-1.89606
-1.90302
-1.9044
-1.90024
-1.89066
-1.87576
-1.8557
-1.83064
-1.8008
-1.76645
-1.72794
-1.68572
-1.64037
-1.59265
-1.54352
-1.49412
-1.44575
-1.39978
-1.35755
-1.32023
-1.28876
-1.26383
-1.24586
-1.23501
-1.23129
-1.23452
-1.24441
-1.26055
-1.28249
-1.30969
-1.34158
-1.37756
-1.41697
-1.45917
-1.50346
-1.54914
-1.59548
-1.64172
-1.6871
-1.73083
-1.77212
-1.81022
-2.63335
-2.48047
-2.31863
-2.14849
-1.97127
-1.7888
-1.60341
-1.41784
-1.23503
-1.05789
-0.889115
-0.731039
-0.585545
-0.45404
-0.337485
-0.236459
-0.15124
-0.0818824
-0.0282972
0.00969297
0.0323085
0.0397858
0.0323652
0.0102901
-0.0261858
-0.0767862
-0.141201
-0.219078
-0.310009
-0.413522
-0.529056
-0.655914
-0.793206
-0.939768
-1.09409
-1.25428
-1.41805
-1.58281
-1.74579
-1.90423
-2.0555
-2.19724
-2.32746
-2.44454
-2.54717
-2.63437
-2.70535
-2.75949
-2.7963
-2.8154
-2.81649
-2.79944
-2.76425
-2.71106
-2.64019
-2.5521
-2.44752
-2.32765
-2.19464
-2.05195
-1.90443
-1.75728
-1.61474
-1.47939
-1.3525
-1.23461
-1.12609
-1.02728
-0.938626
-0.860616
-0.793743
-0.738447
-0.69508
-0.66388
-0.644965
-0.638332
-0.643866
-0.661348
-0.69046
-0.7308
-0.781893
-0.843207
-0.914169
-0.994181
-1.08261
-1.17877
-1.28182
-1.39063
-1.50358
-1.61837
-1.73201
-1.84113
-1.94254
-2.03376
-2.11318
-2.17992
-2.23365
-2.27435
-2.30219
-0.557004
-0.732117
-0.922264
-1.12679
-1.34347
-1.56874
-1.79813
-2.02682
-2.25012
-2.46383
-2.66459
-2.84992
-3.01828
3.11427
2.98146
2.86614
2.76769
2.68534
2.61826
2.56568
2.5269
2.50133
2.48853
2.48818
2.50008
2.52416
2.56044
2.60901
2.66999
2.74354
2.8298
2.92889
3.04091
-3.11726
-2.97924
-2.8283
-2.66472
-2.48913
-2.30267
-2.10713
-1.90503
-1.69957
-1.49438
-1.29325
-1.09979
-0.917161
-0.747886
-0.593829
-0.456206
-0.335687
-0.232512
-0.146613
-0.0777196
-0.0254485
0.0106317
0.030949
0.035895
0.025804
0.000947976
-0.0384519
-0.092195
-0.160053
-0.241709
-0.33671
-0.444443
-0.564168
-0.69511
-0.836571
-0.987996
-1.1489
-1.3185
-1.49494
-1.67432
-1.85038
-2.01618
-2.1666
-2.29926
-2.41365
-2.51007
-2.58901
-2.65097
-2.6964
-2.72575
-2.73946
-2.738
-2.72191
-2.69178
-2.64827
-2.59214
-2.52425
-2.4456
-2.35727
-2.26048
-2.15648
-2.04655
-1.93193
-1.81379
-1.69322
-1.57128
0.440577
0.543329
0.630968
0.704607
0.76533
0.814132
0.851884
0.879313
0.897002
0.905393
0.90479
0.895367
0.877165
0.850103
0.813975
0.768456
0.713119
0.647449
0.570881
0.482846
0.382825
0.270409
0.145343
0.00754337
-0.142934
-0.305963
-0.481422
-0.669208
-0.869021
-1.07974
-1.29832
-1.51899
-1.73429
-1.93801
-2.12687
-2.29979
-2.45655
-2.59711
-2.72136
-2.82911
-2.92021
-2.99459
-3.05225
-3.09332
-3.11798
-3.12646
-3.11903
-3.096
-3.05768
-3.00443
-2.93665
-2.8548
-2.75937
-2.65093
-2.53011
-2.39757
-2.25417
-2.10107
-1.94005
-1.77387
-1.60638
-1.44208
-1.28516
-1.13875
-1.00479
-0.884339
-0.77799
-0.686093
-0.608883
-0.546514
-0.499067
-0.466542
-0.448858
-0.445851
-0.457281
-0.48283
-0.522106
-0.574648
-0.63992
-0.717308
-0.806103
-0.905466
-1.01435
-1.13141
-1.25486
-1.38238
-1.51114
-1.63809
-1.76028
-1.87524
-1.98114
-2.07667
-2.16098
-2.23348
-2.29378
-2.34163
-2.3769
-2.39952
-2.40957
-1.16572
-0.993879
-0.841134
-0.709626
-0.600682
-0.514762
-0.451487
-0.409743
-0.387833
-0.383663
-0.394945
-0.419414
-0.455045
-0.50021
-0.553745
-0.614918
-0.68333
-0.758789
-0.84119
-0.930392
-1.02612
-1.12785
-1.23478
-1.34572
-1.45914
-1.57322
-1.68594
-1.79519
-1.89899
-1.99552
-2.08324
-2.16091
-2.22761
-2.28268
-2.32571
-2.35649
-2.37499
-2.38129
-2.37561
-2.35831
-2.32981
-2.2907
-2.24164
-2.18345
-2.11707
-2.0436
-1.96425
-1.88039
-1.79351
-1.70521
-1.61717
-1.53114
-1.44889
-1.3722
-1.30281
-1.24237
-1.19241
-1.15429
-1.12911
-1.1177
-1.12044
-1.13725
-1.16742
-1.20941
-1.26078
-1.31821
-1.37795
-1.43648
-1.49117
-1.5405
-1.58383
-1.62119
-1.65292
-1.67952
-1.7015
-1.71938
-1.7336
-1.74454
-1.75251
-1.75777
-1.76053
-1.76098
-1.75927
-1.75553
-1.74987
-1.74241
-1.73322
-1.72236
-1.70987
-1.69577
-1.68001
-1.66255
-1.6433
-1.62212
-1.59891
-1.57353
-1.54593
-1.51613
-1.48432
2.45421
2.35292
2.26424
2.18676
2.11917
2.06032
2.00918
1.96486
1.92666
1.89396
1.86633
1.84346
1.82517
1.8114
1.80224
1.79788
1.79863
1.80487
1.81711
1.83588
1.86179
1.89545
1.93749
1.98851
2.0491
2.11982
2.20122
2.29383
2.39816
2.51476
2.64409
2.78654
2.94235
3.11142
-2.98992
-2.79632
-2.59255
-2.38069
-2.1631
-1.94213
-1.71983
-1.49792
-1.27815
-1.06297
-0.856141
-0.662439
-0.486228
-0.330166
-0.19511
-0.0808299
0.0133391
0.0881354
0.144234
0.182218
0.202579
0.205743
0.192087
0.161957
0.115691
0.0536474
-0.0237646
-0.116048
-0.222577
-0.342571
-0.475073
-0.618957
-0.772963
-0.93573
-1.10581
-1.28158
-1.46107
-1.64164
-1.81983
-1.99154
-2.15274
-2.30028
-2.43216
-2.54738
-2.64557
-2.72669
-2.79085
-2.83825
-2.86914
-2.8838
-2.88255
-2.86575
-2.83379
-2.78711
-2.72622
-2.6517
-2.56421
-2.46452
-2.35352
-2.23231
-2.10223
-1.96501
-1.82283
-1.67841
-1.53482
1.22415
1.41926
1.60871
1.79556
1.98272
2.17293
2.36871
2.57223
2.78521
3.00876
-3.04007
-2.79567
-2.54306
-2.28492
-2.02439
-1.7643
-1.50673
-1.253
-1.00452
-0.764131
-0.53679
-0.328124
-0.141833
0.0211562
0.161647
0.281009
0.3806
0.461584
0.524932
0.571459
0.601863
0.616753
0.616654
0.602008
0.573162
0.530366
0.473774
0.403458
0.319442
0.221748
0.110469
-0.0141551
-0.151651
-0.301237
-0.46178
-0.631816
-0.809648
-0.993508
-1.18174
-1.37287
-1.56556
-1.75815
-1.94814
-2.13178
-2.3044
-2.46167
-2.60075
-2.72037
-2.82034
-2.90096
-2.96269
-3.00602
-3.03142
-3.03935
-3.03027
-3.00465
-2.96302
-2.90593
-2.83406
-2.74817
-2.64916
-2.53805
-2.41597
-2.28418
-2.14402
-1.9969
-1.84439
-1.68832
-1.53097
-1.37517
-1.22423
-1.08158
-0.950155
-0.832148
-0.72891
-0.641159
-0.569198
-0.513084
-0.472729
-0.447949
-0.43849
-0.444035
-0.464205
-0.498559
-0.546581
-0.607675
-0.681155
-0.766227
-0.861967
-1.85932
-1.80507
-1.74838
-1.69011
-1.63116
-1.57243
-1.51482
-1.4592
-1.40645
-1.3574
-1.31286
-1.27361
-1.24039
-1.21392
-1.19489
-1.18396
-1.18175
-1.18881
-1.2056
-1.23248
-1.2696
-1.31681
-1.37352
-1.43846
-1.50945
-1.58331
-1.65615
-1.72416
-1.78432
-1.83479
-1.87481
-1.90433
-1.92376
-1.93378
-1.93517
-1.92875
-1.91539
-1.89595
-1.87127
-1.84217
-1.80944
-1.77385
-1.73611
-1.69691
-1.65684
-1.61646
-1.57623
-1.53654
-1.49772
-1.46
-1.42359
-1.38865
-1.35533
-1.32379
-1.29428
-1.2671
-1.24268
-1.22158
-1.20443
-1.19194
-1.18483
-1.18373
-1.18912
-1.20131
-1.22037
-1.24616
-1.27832
-1.31633
-1.3595
-1.407
-1.45794
-1.51136
-1.56627
-1.62167
-1.67658
-1.73007
-1.78126
-1.82932
-1.87351
-1.91319
-1.94777
-1.97681
-1.99991
-2.01681
-2.02733
-2.03139
-2.02901
-2.0203
-2.00546
-1.98477
-1.95861
-1.92744
-1.89177
-1.8522
-1.80937
-1.764
-1.71681
-1.66855
-1.61998
1.69841
1.69538
1.70043
1.71368
1.73503
1.76414
1.80043
1.84316
1.89149
1.94468
2.00215
2.06359
2.12902
2.19876
2.2734
2.35372
2.44068
2.5353
2.63863
2.7517
2.87544
3.01063
-3.12535
-2.96589
-2.79436
-2.61144
-2.41844
-2.21734
-2.01077
-1.80189
-1.59427
-1.39154
-1.19718
-1.01423
-0.845107
-0.691601
-0.554851
-0.435482
-0.333735
-0.249593
-0.182885
-0.133354
-0.100702
-0.0846112
-0.0847579
-0.100812
-0.13243
-0.179249
-0.240867
-0.316819
-0.406551
-0.509382
-0.624457
-0.750702
-0.886772
-1.03102
-1.18147
-1.33587
-1.49171
-1.64633
-1.79706
-1.94127
-2.07653
-2.20058
-2.31144
-2.40735
-2.48678
-2.54842
-2.59119
-2.61428
-2.6172
-2.59976
-2.56216
-2.50497
-2.42924
-2.33672
-2.23027
-2.11397
-1.99284
-1.87164
-1.75379
-1.64117
-1.53454
-1.43415
-1.34013
-1.25265
-1.17206
-1.09882
-1.03344
-0.97649
-0.928457
-0.889766
-0.860726
-0.841525
-0.832227
-0.832771
-0.842979
-0.862564
-0.891143
-0.374352
-0.372566
-0.384545
-0.408631
-0.443451
-0.487958
-0.541419
-0.603361
-0.673487
-0.751594
-0.837483
-0.930872
-1.03131
-1.1381
-1.25024
-1.36635
-1.48475
-1.60349
-1.72045
-1.8335
-1.9406
-2.03995
-2.13001
-2.20954
-2.27762
-2.3336
-2.37704
-2.40773
-2.42563
-2.4308
-2.42345
-2.4039
-2.37257
-2.33
-2.27684
-2.21388
-2.14205
-2.06243
-1.97622
-1.88481
-1.78968
-1.69239
-1.5946
-1.49792
-1.40395
-1.31418
-1.22997
-1.15253
-1.08288
-1.02184
-0.970073
-0.92804
-0.896049
-0.87425
-0.862658
-0.861156
-0.869512
-0.887379
-0.914308
-0.949754
-0.993096
-1.04365
-1.10073
-1.16364
-1.23174
-1.30451
-1.38151
-1.46236
-1.54672
-1.63411
-1.72373
-1.81423
-1.90347
-1.98855
-2.06616
-2.13323
-2.18745
-2.22747
-2.25276
-2.26339
-2.25984
-2.24284
-2.21334
-2.17243
-2.12129
-2.06123
-1.99359
-1.91976
-1.84115
-1.75912
-1.67501
-1.59008
-1.50553
-1.42249
-1.34201
-1.26513
-1.19285
-1.12618
-1.06609
2.84704
2.68569
2.54845
2.43322
2.33767
2.25942
2.19623
2.14608
2.10723
2.07824
2.05797
2.04558
2.04046
2.04218
2.05049
2.06522
2.08628
2.11363
2.14722
2.187
2.23291
2.28494
2.34308
2.40748
2.47839
2.55632
2.64204
2.73661
2.84135
2.95769
3.08695
-3.05305
-2.89533
-2.72264
-2.53451
-2.33034
-2.11028
-1.87732
-1.63997
-1.41056
-1.19789
-1.00445
-0.829553
-0.672055
-0.531269
-0.407
-0.299318
-0.208334
-0.134068
-0.0764013
-0.035103
-0.00986953
-0.000371188
-0.0062822
-0.0272927
-0.0631026
-0.1134
-0.177823
-0.255914
-0.347059
-0.450433
-0.564948
-0.68924
-0.821702
-0.960568
-1.10406
-1.25056
-1.39872
-1.5475
-1.69607
-1.84349
-1.98835
-2.12836
-2.26023
-2.38018
-2.48483
-2.57192
-2.64032
-2.68972
-2.7203
-2.73247
-2.7268
-2.70399
-2.66483
-2.61026
-2.54135
-2.45929
-2.36543
-2.26126
-2.14836
-2.02837
-1.90299
-1.77389
-1.64275
-1.51131
-1.38135
-1.25484
-1.13389
-1.02068
2.20119
2.29176
2.39095
2.50001
2.62001
2.75188
2.89635
3.0541
-3.05741
-2.87119
-2.67002
-2.45431
-2.22648
-1.9919
-1.758
-1.53113
-1.31471
-1.11012
-0.91805
-0.739288
-0.574825
-0.425731
-0.292959
-0.177228
-0.0789778
0.00160184
0.0645177
0.109907
0.137985
0.149003
0.143228
0.12093
0.0823806
0.0278512
-0.0423865
-0.128059
-0.228886
-0.34455
-0.474628
-0.61843
-0.774721
-0.941365
-1.11507
-1.29163
-1.46671
-1.63675
-1.79921
-1.95241
-2.09506
-2.22609
-2.34449
-2.44933
-2.53981
-2.61526
-2.67517
-2.71922
-2.74725
-2.75923
-2.75526
-2.73553
-2.70036
-2.65012
-2.58528
-2.50644
-2.41439
-2.31019
-2.19539
-2.07212
-1.94311
-1.81154
-1.68055
-1.55288
-1.43064
-1.31536
-1.20823
-1.11015
-1.02192
-0.944242
-0.87774
-0.82294
-0.780268
-0.750038
-0.732445
-0.727569
-0.735376
-0.755723
-0.788358
-0.832914
-0.888898
-0.955652
-1.0323
-1.11766
-1.21019
-1.30787
-1.40833
-1.50899
-1.60739
-1.70137
-1.78928
-0.0268292
0.0554214
0.120848
0.169655
0.202121
0.218551
0.219244
0.204479
0.174511
0.129579
0.0699188
-0.00422152
-0.0925582
-0.194751
-0.31037
-0.43886
-0.579475
-0.731209
-0.892708
-1.06221
-1.23751
-1.41598
-1.5947
-1.7706
-1.94062
-2.10192
-2.25195
-2.38852
-2.50978
-2.61421
-2.70054
-2.76772
-2.81488
-2.84141
-2.8469
-2.83127
-2.79468
-2.73759
-2.66074
-2.56527
-2.45301
-2.32689
-2.19113
-2.05075
-1.91029
-1.77286
-1.64008
-1.5127
-1.39113
-1.27582
-1.16738
-1.0666
-0.97438
-0.891624
-0.819182
-0.757776
-0.707972
-0.670167
-0.644599
-0.631356
-0.630395
-0.641558
-0.664578
-0.699097
-0.744676
-0.800808
-0.866944
-0.942513
-1.02694
-1.11963
-1.21995
-1.3271
-1.43989
-1.55654
-1.67438
-1.78996
-1.8995
-1.99965
-2.08806
-2.16336
-2.22498
-2.27282
-2.30708
-2.3281
-2.33631
-2.33224
-2.31647
-2.28969
-2.2526
-2.20601
-2.15077
-2.08777
-2.01795
-1.94227
-1.86168
-1.77717
-1.68975
-1.6005
-1.51059
-0.894663
-0.989052
-1.08231
-1.17079
-1.25118
-1.32044
-1.37592
-1.41546
-1.43786
-1.44331
-1.43411
-1.41542
-1.39512
-1.38195
-1.38266
-1.40052
-1.43578
-1.48678
-1.55084
-1.62479
-1.70535
-1.78935
-1.87388
-1.95636
-2.03457
-2.10669
-2.17122
-2.227
-2.27316
-2.30908
-2.33435
-2.34876
-2.35226
-2.34496
-2.3271
-2.29906
-2.26136
-2.21467
-2.1598
-2.09767
-2.02932
-1.95578
-1.87805
-1.79704
-1.71345
-1.6278
-1.54046
-1.4517
-1.36187
-1.27163
-1.18222
-1.09567
-1.01485
-0.943065
-0.883422
-0.838229
-0.808815
-0.795653
-0.798584
-0.817014
-0.850032
-0.896489
-0.955049
-1.02422
-1.10241
-1.18793
-1.27906
-1.3741
-1.47139
-1.56934
-1.66646
-1.76138
-1.85281
-1.93955
-2.02048
-2.09453
-2.16069
-2.21804
-2.26579
-2.30327
-2.32995
-2.3455
-2.34974
-2.34264
-2.32436
-2.29518
-2.25554
-2.20603
-2.14741
-2.08056
-2.00653
-1.92651
-1.84184
-1.75393
-1.6643
-1.57452
-1.48614
-1.40066
-1.3195
-2.42644
-2.41117
-2.386
-2.35139
-2.30788
-2.25605
-2.19658
-2.13023
-2.05786
-1.98041
-1.89894
-1.81464
-1.72877
-1.64271
-1.55792
-1.47588
-1.3981
-1.32607
-1.2612
-1.20478
-1.15797
-1.12173
-1.09677
-1.08358
-1.0823
-1.09274
-1.11429
-1.14592
-1.18607
-1.2328
-1.28388
-1.33709
-1.39046
-1.44249
-1.49215
-1.53884
-1.58225
-1.62224
-1.65879
-1.69187
-1.72147
-1.74758
-1.77012
-1.78902
-1.80418
-1.81549
-1.82283
-1.8261
-1.82517
-1.81995
-1.81034
-1.79629
-1.77775
-1.75472
-1.72728
-1.69559
-1.65995
-1.62083
-1.57897
-1.53533
-1.49115
-1.44787
-1.40702
-1.37005
-1.33819
-1.31237
-1.2932
-1.28095
-1.27566
-1.27715
-1.28509
-1.29904
-1.31848
-1.34285
-1.37153
-1.40391
-1.43934
-1.47722
-1.51691
-1.5578
-1.59929
-1.64077
-1.68165
-1.72133
-1.75918
-1.7946
-1.82697
-1.85567
-1.88015
-1.89989
-1.91443
-1.92345
-1.9267
-1.92405
-1.91551
-1.9012
-1.88135
-1.8563
-1.82648
-0.368634
-0.559719
-0.770751
-0.997685
-1.23596
-1.48081
-1.72749
-1.97139
-2.20801
-2.43307
-2.64282
-2.83455
-3.00677
3.12409
2.99128
2.87718
2.78079
2.70109
2.6371
2.58794
2.55287
2.5313
2.52279
2.52703
2.5439
2.57338
2.61558
2.67073
2.73911
2.82103
2.91682
3.02676
-3.13218
-2.99362
-2.84101
-2.67496
-2.49661
-2.30777
-2.11106
-1.90993
-1.70837
-1.51045
-1.31985
-1.1397
-0.972494
-0.820229
-0.684448
-0.566289
-0.46651
-0.385512
-0.323382
-0.279943
-0.254813
-0.247458
-0.257245
-0.283457
-0.325302
-0.381886
-0.452171
-0.534942
-0.628794
-0.732163
-0.843408
-0.960889
-1.08302
-1.20828
-1.33516
-1.46212
-1.58754
-1.70971
-1.82686
-1.93719
-2.03894
-2.13046
-2.21026
-2.27706
-2.32978
-2.36764
-2.39007
-2.3968
-2.38783
-2.36344
-2.32422
-2.27117
-2.20573
-2.12992
-2.04629
-1.95768
-1.86694
-1.77643
-1.68795
-1.60267
-1.52139
-1.44464
-1.37285
-1.30645
-1.24585
-1.19149
-1.14383
-2.59659
-2.69472
-2.77606
-2.84056
-2.88835
-2.91968
-2.93486
-2.93422
-2.91814
-2.88699
-2.84119
-2.78122
-2.70767
-2.62127
-2.52299
-2.41406
-2.29602
-2.1707
-2.04016
-1.90663
-1.77235
-1.63959
-1.51048
-1.38708
-1.27128
-1.16481
-1.0692
-0.985719
-0.915394
-0.858952
-0.816829
-0.789172
-0.77584
-0.776424
-0.790254
-0.816408
-0.853729
-0.900862
-0.956305
-1.01851
-1.08597
-1.15731
-1.23133
-1.30697
-1.38331
-1.45952
-1.53477
-1.60824
-1.6791
-1.74648
-1.80949
-1.86726
-1.91894
-1.96374
-2.00091
-2.02982
-2.0499
-2.06072
-2.06198
-2.05351
-2.03528
-2.0075
-1.97058
-1.92523
-1.87251
-1.81389
-1.75118
-1.6865
-1.62198
-1.55957
-1.50085
-1.44697
-1.39868
-1.35641
-1.32038
-1.29066
-1.26726
-1.25009
-1.23906
-1.23402
-1.23484
-1.24131
-1.25326
-1.27046
-1.29267
-1.31963
-1.35104
-1.38656
-1.42581
-1.46831
-1.51347
-1.56061
-1.60884
-1.65715
-1.70441
-1.74937
-1.79084
-1.82769
-1.859
-2.80174
-2.75934
-2.693
-2.60398
-2.49453
-2.36845
-2.23149
-2.09047
-1.95114
-1.81669
-1.68822
-1.56574
-1.44908
-1.33824
-1.23358
-1.13578
-1.04575
-0.964483
-0.892929
-0.831918
-0.782102
-0.743942
-0.717713
-0.70352
-0.701316
-0.710917
-0.732007
-0.764144
-0.806752
-0.859112
-0.920358
-0.989466
-1.06526
-1.14641
-1.23149
-1.31899
-1.40739
-1.49523
-1.58115
-1.66398
-1.74277
-1.81678
-1.8855
-1.94861
-2.00595
-2.05744
-2.10308
-2.14284
-2.17666
-2.20435
-2.22562
-2.23999
-2.24689
-2.24564
-2.23558
-2.21612
-2.18688
-2.14771
-2.09876
-2.04049
-1.97364
-1.89922
-1.8185
-1.7329
-1.64398
-1.55337
-1.46272
-1.37367
-1.28775
-1.2064
-1.13092
-1.06245
-1.00193
-0.950157
-0.907725
-0.875062
-0.852435
-0.839957
-0.837601
-0.845208
-0.862492
-0.889048
-0.924346
-0.967742
-1.01847
-1.07566
-1.13833
-1.20541
-1.27575
-1.34815
-1.42139
-1.49425
-1.56553
-1.63411
-1.69894
-1.75909
-1.81376
-1.86229
-1.90418
0.556376
0.623041
0.676049
0.716271
0.744511
0.761497
0.767875
0.764202
0.750931
0.728394
0.696774
0.656076
0.606092
0.546383
0.476275
0.394901
0.301302
0.194564
0.0739585
-0.0609874
-0.210541
-0.374913
-0.554377
-0.749144
-0.958641
-1.17991
-1.40593
-1.62701
-1.83551
-2.02836
-2.20526
-2.36663
-2.51272
-2.64343
-2.75846
-2.85747
-2.94022
-3.00659
-3.05665
-3.09054
-3.10851
-3.11084
-3.09783
-3.0698
-3.02709
-2.97011
-2.89934
-2.81536
-2.7189
-2.61078
-2.49195
-2.36336
-2.22595
-2.08059
-1.92816
-1.76975
-1.60711
-1.44311
-1.28202
-1.12881
-0.987873
-0.862088
-0.752822
-0.660479
-0.584994
-0.526111
-0.483503
-0.456808
-0.445624
-0.449505
-0.467944
-0.500363
-0.546107
-0.604432
-0.674505
-0.755405
-0.846136
-0.945643
-1.05283
-1.16654
-1.2856
-1.40865
-1.53414
-1.66015
-1.78433
-1.90401
-2.01643
-2.11911
-2.21015
-2.28826
-2.35268
-2.40306
-2.43931
-2.46151
-2.46991
-2.46482
-2.44666
-2.41594
-2.37327
1.63275
1.74347
1.85467
1.96802
2.08512
2.20752
2.33668
2.47396
2.62053
2.77732
2.94491
3.12341
-2.97082
-2.77254
-2.56674
-2.35594
-2.14326
-1.93235
-1.72713
-1.53165
-1.34967
-1.18442
-1.0382
-0.912176
-0.806304
-0.719392
-0.649407
-0.593888
-0.550419
-0.517002
-0.492257
-0.475431
-0.466279
-0.464897
-0.471571
-0.48667
-0.510564
-0.543585
-0.585995
-0.637957
-0.699503
-0.770481
-0.850493
-0.938827
-1.03443
-1.13591
-1.24167
-1.35005
-1.45956
-1.56904
-1.67773
-1.78523
-1.89134
-1.99582
-2.09807
-2.19673
-2.28943
-2.3729
-2.44353
-2.49823
-2.53494
-2.55267
-2.55123
-2.53103
-2.49287
-2.43789
-2.36751
-2.28338
-2.18736
-2.08148
-1.96787
-1.8487
-1.72615
-1.60229
-1.47907
-1.35832
-1.24172
-1.13084
-1.02714
-0.932016
-0.846738
-0.772437
-0.710059
-0.660334
-0.623772
-0.600675
-0.59116
-0.595187
-0.612576
-0.643011
-0.686051
-0.741108
-0.807448
-0.884164
-0.97017
-1.06419
-1.16475
-1.2702
-1.37873
-0.831328
-0.648407
-0.477915
-0.318941
-0.170904
-0.0335321
0.0932574
0.209491
0.315242
0.410698
0.496187
0.572184
0.639301
0.698269
0.749917
0.79514
0.834869
0.870019
0.901433
0.9298
0.955553
0.97875
0.998957
1.01516
1.02578
1.02875
1.02183
1.00294
0.970439
0.923274
0.860958
0.783381
0.690587
0.582606
0.459395
0.320926
0.167468
-1.30285e-05
-0.179599
-0.368695
-0.564819
-0.766227
-0.971878
-1.18093
-1.39219
-1.60378
-1.81311
-2.01706
-2.2124
-2.3961
-2.56567
-2.71921
-2.8554
-2.97341
-3.07274
3.13006
3.06876
3.02664
3.00371
2.99995
3.01525
3.04941
3.10214
-3.11008
-3.02124
-2.91496
-2.79181
-2.65278
-2.49968
-2.33552
-2.16446
-1.99092
-1.81852
-1.64966
-1.48587
-1.32829
-1.17807
-1.03647
-0.904885
-0.784705
-0.677226
-0.58356
-0.504599
-0.44101
-0.393251
-0.361603
-0.346198
-0.347036
-0.36401
-0.396913
-0.445453
-0.509256
-0.587859
-0.680678
-0.786901
-0.905315
-1.03404
-1.1703
-1.31046
0.808709
0.900096
0.968969
1.01798
1.0498
1.06688
1.0714
1.06513
1.04945
1.02535
0.993496
0.954267
0.907856
0.854329
0.79367
0.725811
0.650619
0.56787
0.477209
0.378106
0.269845
0.151556
0.0223212
-0.118613
-0.271565
-0.436221
-0.611711
-0.797035
-0.991613
-1.19555
-1.40916
-1.63137
-1.85688
-2.07486
-2.27397
-2.44862
-2.59838
-2.72467
-2.82904
-2.91279
-2.97699
-3.02256
-3.05038
-3.06127
-3.05599
-3.03518
-2.99942
-2.94922
-2.88504
-2.80742
-2.71697
-2.61447
-2.50093
-2.37765
-2.24623
-2.10862
-1.967
-1.82377
-1.68136
-1.54207
-1.40799
-1.28082
-1.16186
-1.05204
-0.951957
-0.862015
-0.782475
-0.713548
-0.655444
-0.608402
-0.572693
-0.548611
-0.536452
-0.53649
-0.548946
-0.573955
-0.611542
-0.661583
-0.723775
-0.797604
-0.88232
-0.976918
-1.08013
-1.19044
-1.3061
-1.42519
-1.54565
-1.66539
-1.78231
-1.89446
-2.00002
-2.09741
-2.1853
-2.26263
-2.3286
-2.38264
-2.42441
-2.45372
-2.47058
1.15322
1.03074
0.899046
0.7559
0.599299
0.427539
0.239345
0.0340256
-0.188351
-0.426773
-0.679115
-0.942011
-1.21088
-1.48021
-1.74412
-1.99705
-2.23434
-2.45242
-2.64889
-2.82243
-2.97262
-3.09982
3.07823
2.99388
2.92888
2.88178
2.85126
2.83618
2.83561
2.84881
2.87522
2.91442
2.96609
3.02996
3.10585
-3.08953
-2.98986
-2.8783
-2.75485
-2.61965
-2.47309
-2.31612
-2.15037
-1.97829
-1.80304
-1.62821
-1.45737
-1.29361
-1.13926
-0.995759
-0.863833
-0.743697
-0.635333
-0.538707
-0.453918
-0.381274
-0.3213
-0.274681
-0.242185
-0.22456
-0.222465
-0.236427
-0.266807
-0.313786
-0.377331
-0.457156
-0.552689
-0.663023
-0.786894
-0.922668
-1.06835
-1.2216
-1.3798
-1.54011
-1.69954
-1.85512
-2.00401
-2.14368
-2.27199
-2.38732
-2.48846
-2.57465
-2.64543
-2.70062
-2.74023
-2.76439
-2.77336
-2.76745
-2.74703
-2.71257
-2.66459
-2.60375
-2.53085
-2.44688
-2.35305
-2.25076
-2.14166
-2.02751
-1.91022
1.57174
1.63406
1.6904
1.74097
1.78603
1.82608
1.86207
1.8955
1.92862
1.96428
2.00567
2.05587
2.11738
2.19194
2.28058
2.38387
2.5022
2.63591
2.78532
2.9504
3.13023
-2.96059
-2.75897
-2.55123
-2.33938
-2.12436
-1.90679
-1.68771
-1.46899
-1.25335
-1.04403
-0.844334
-0.657229
-0.485056
-0.329452
-0.191409
-0.0714164
0.0303867
0.114059
0.179743
0.227582
0.257682
0.270108
0.264902
0.242118
0.201848
0.144235
0.0694626
-0.0222681
-0.13075
-0.255733
-0.396769
-0.552893
-0.722118
-0.901033
-1.08504
-1.26946
-1.4507
-1.62646
-1.7953
-1.95603
-2.10748
-2.24832
-2.37721
-2.49288
-2.59419
-2.68026
-2.7504
-2.80416
-2.84128
-2.86163
-2.86525
-2.85225
-2.82287
-2.77739
-2.71621
-2.63976
-2.54861
-2.4435
-2.32552
-2.19638
-2.05858
-1.91552
-1.77105
-1.62883
-1.4917
-1.36164
-1.23993
-1.12751
-1.02512
-0.933455
-0.85315
-0.78478
-0.728837
-0.685707
-0.655662
-0.638856
-0.635326
-0.645004
2.49135
2.64914
2.81727
2.99667
-3.09498
-2.89048
-2.67233
-2.44054
-2.19688
-1.94623
-1.69618
-1.45393
-1.2237
-1.00717
-0.805066
-0.61808
-0.44705
-0.292844
-0.156185
-0.0375425
0.0628833
0.14513
0.209405
0.256022
0.285344
0.297749
0.293597
0.273225
0.236932
0.184979
0.11759
0.0349525
-0.06277
-0.175407
-0.302714
-0.444243
-0.599119
-0.765722
-0.941418
-1.12259
-1.30518
-1.48545
-1.66043
-1.82794
-1.98621
-2.13375
-2.26912
-2.39102
-2.49826
-2.58988
-2.66512
-2.72346
-2.76459
-2.78841
-2.79499
-2.78454
-2.75739
-2.71399
-2.6549
-2.58084
-2.49276
-2.392
-2.28036
-2.16023
-2.03439
-1.90575
-1.77694
-1.65014
-1.52705
-1.40904
-1.29728
-1.19287
-1.09683
-1.01018
-0.933848
-0.868667
-0.815355
-0.774489
-0.746502
-0.731678
-0.73016
-0.741951
-0.766918
-0.804787
-0.855127
-0.917309
-0.990438
-1.07326
-1.16407
-1.26064
-1.36038
-1.46055
-1.5586
-1.65248
-1.74065
-1.82204
-1.89591
-1.96174
-2.01911
2.01904
1.93846
1.86576
1.79948
1.73832
1.68112
1.62684
1.57455
1.52337
1.47249
1.42113
1.36851
1.31386
1.25639
1.19528
1.12968
1.05869
0.981356
0.896697
0.803685
0.70128
0.588455
0.464246
0.327811
0.178522
0.0160683
-0.159413
-0.347198
-0.545856
-0.753184
-0.966236
-1.18147
-1.39497
-1.60277
-1.80105
-1.98643
-2.15611
-2.30799
-2.44079
-2.55397
-2.64769
-2.72265
-2.77991
-2.82072
-2.84633
-2.85793
-2.85651
-2.84288
-2.81767
-2.78137
-2.73432
-2.67679
-2.60901
-2.53118
-2.44356
-2.34649
-2.24049
-2.12631
-2.00507
-1.87826
-1.74775
-1.61576
-1.48472
-1.3571
-1.23529
-1.12142
-1.01726
-0.924248
-0.843428
-0.775528
-0.720998
-0.680071
-0.652802
-0.639113
-0.638808
-0.65159
-0.677064
-0.714733
-0.763991
-0.82411
-0.894227
-0.973334
-1.06026
-1.15369
-1.25214
-1.35399
-1.4575
-1.56087
-1.66223
-1.75972
-1.85151
-1.93585
-2.01106
-2.07557
-2.12797
-2.167
-2.19162
-2.20104
-2.19476
-1.13217
-1.33629
-1.5354
-1.72459
-1.89881
-2.05285
-2.18151
-2.27997
-2.34444
-2.37285
-2.36544
-2.32532
-2.25937
-2.17876
-2.09666
-2.02296
-1.96176
-1.91301
-1.87483
-1.84476
-1.82027
-1.79899
-1.7788
-1.75784
-1.73457
-1.70766
-1.67603
-1.63874
-1.595
-1.54415
-1.48571
-1.41956
-1.34628
-1.26766
-1.1873
-1.11062
-1.04387
-0.992188
-0.958568
-0.943983
-0.948046
-0.969571
-1.0069
-1.0581
-1.12106
-1.19358
-1.27344
-1.35845
-1.44647
-1.53549
-1.62361
-1.70913
-1.79052
-1.86648
-1.93591
-1.99795
-2.05193
-2.09739
-2.13404
-2.16174
-2.18051
-2.19051
-2.19201
-2.18541
-2.17121
-2.15002
-2.12251
-2.08947
-2.05173
-2.01016
-1.96565
-1.91909
-1.87129
-1.82299
-1.77484
-1.7273
-1.6807
-1.63524
-1.59098
-1.54789
-1.50593
-1.46509
-1.42544
-1.38713
-1.35043
-1.31569
-1.28335
-1.25388
-1.22777
-1.20547
-1.1874
-1.17391
-1.16527
-1.16167
-1.16317
-1.16978
-1.18135
-1.19769
-1.21846
0.22054
0.275578
0.317935
0.347722
0.364954
0.369601
0.361624
0.340989
0.307685
0.26172
0.20314
0.132039
0.0485922
-0.0469131
-0.154028
-0.272094
-0.400193
-0.537109
-0.681303
-0.830923
-0.983841
-1.13773
-1.29018
-1.43882
-1.5815
-1.71639
-1.8421
-1.95773
-2.0628
-2.15723
-2.24116
-2.31486
-2.37859
-2.43252
-2.47672
-2.51115
-2.53571
-2.55023
-2.55456
-2.54858
-2.53219
-2.5054
-2.46828
-2.42097
-2.36375
-2.29699
-2.2212
-2.13703
-2.04535
-1.94721
-1.84389
-1.73686
-1.62778
-1.51842
-1.41061
-1.30615
-1.20674
-1.11392
-1.02902
-0.953184
-0.8873
-0.832067
-0.787992
-0.755421
-0.73456
-0.725501
-0.728235
-0.742673
-0.768648
-0.805936
-0.854261
-0.913314
-0.982764
-1.06225
-1.15137
-1.24953
-1.35576
-1.46839
-1.58471
-1.70085
-1.81235
-1.91517
-2.00644
-2.08465
-2.14924
-2.20024
-2.23794
-2.2628
-2.27535
-2.27616
-2.26588
-2.24519
-2.21482
-2.17557
-2.12827
-2.07382
-2.01311
-1.94706
-1.8766
-1.36081
-1.22591
-1.08131
-0.931138
-0.779816
-0.631472
-0.48964
-0.357129
-0.236022
-0.127751
-0.0331977
0.0471888
0.113284
0.165194
0.203179
0.227587
0.238799
0.237178
0.223022
0.196527
0.157745
0.106572
0.0427484
-0.0340834
-0.124285
-0.228093
-0.345523
-0.476356
-0.620265
-0.776993
-0.946447
-1.12846
-1.32191
-1.52308
-1.7243
-1.91583
-2.09057
-2.24584
-2.38162
-2.49872
-2.59795
-2.6799
-2.74503
-2.79371
-2.8263
-2.84318
-2.84474
-2.83144
-2.80374
-2.76217
-2.70735
-2.63998
-2.56092
-2.47122
-2.37208
-2.26492
-2.15132
-2.03292
-1.91136
-1.78819
-1.66475
-1.54215
-1.4213
-1.303
-1.18813
-1.07781
-0.973579
-0.877433
-0.791637
-0.718398
-0.659519
-0.61623
-0.589192
-0.578606
-0.584335
-0.60598
-0.642931
-0.694387
-0.759364
-0.836706
-0.925093
-1.02306
-1.12903
-1.2413
-1.35812
-1.47766
-1.59805
-1.71733
-1.83352
-1.94464
-2.04876
-2.14414
-2.22927
-2.30297
-2.36437
-2.41291
-2.44825
-2.47028
-2.47903
-2.85332
-2.69702
-2.51625
-2.31184
-2.08661
-1.84505
-1.59273
-1.33575
-1.08017
-0.831603
-0.594859
-0.37367
-0.170542
0.0132274
0.177366
0.32236
0.44918
0.55906
0.65334
0.733357
0.800375
0.855545
0.899885
0.934265
0.959412
0.975903
0.984178
0.984542
0.977171
0.962121
0.939331
0.908631
0.869744
0.822299
0.765836
0.69982
0.62366
0.536733
0.438425
0.32818
0.205567
0.0703758
-0.0772904
-0.236902
-0.407417
-0.587227
-0.774166
-0.96557
-1.15838
-1.34924
-1.53467
-1.71119
-1.87552
-2.0248
-2.15675
-2.26986
-2.36347
-2.43776
-2.49367
-2.5327
-2.55674
-2.56776
-2.56758
-2.55771
-2.53922
-2.51282
-2.47885
-2.43747
-2.38869
-2.3325
-2.2689
-2.19803
-2.12014
-2.03572
-1.94549
-1.85047
-1.75194
-1.65144
-1.55071
-1.45157
-1.35584
-1.26526
-1.18137
-1.10551
-1.03874
-0.981903
-0.935591
-0.900193
-0.875913
-0.862801
-0.860763
-0.869582
-0.88892
-0.918325
-0.957231
-1.00495
-1.06068
-1.1235
-1.19235
-1.97261
-2.03367
-2.08766
-2.13169
-2.16307
-2.17938
-2.17852
-2.15886
-2.11937
-2.05973
-1.98048
-1.8836
-1.77342
-1.65739
-1.54478
-1.44333
-1.35701
-1.28668
-1.23163
-1.19054
-1.162
-1.14464
-1.13724
-1.13868
-1.14798
-1.1643
-1.18686
-1.21493
-1.24785
-1.28495
-1.32555
-1.36899
-1.41458
-1.46161
-1.50938
-1.55718
-1.60432
-1.65013
-1.69397
-1.73525
-1.7734
-1.80794
-1.83843
-1.86446
-1.88571
-1.90188
-1.91272
-1.91799
-1.91748
-1.91098
-1.8983
-1.87923
-1.85355
-1.82108
-1.78168
-1.7353
-1.68212
-1.62264
-1.5579
-1.4897
-1.42063
-1.35394
-1.29295
-1.24043
-1.19825
-1.16732
-1.14785
-1.1395
-1.14166
-1.15348
-1.17402
-1.20226
-1.23716
-1.27764
-1.32266
-1.37116
-1.42218
-1.47476
-1.52807
-1.58131
-1.63379
-1.6849
-1.73411
-1.78096
-1.82502
-1.86592
-1.90327
-1.93667
-1.96571
-1.98994
-2.0089
-2.0221
-2.02911
-2.02955
-2.02313
-2.00971
-1.98927
-1.96198
-1.92815
-0.846094
-0.953292
-1.06719
-1.18617
-1.30848
-1.43228
-1.55567
-1.67676
-1.79375
-1.90493
-2.00879
-2.10403
-2.18954
-2.26446
-2.32812
-2.38005
-2.41992
-2.44754
-2.46283
-2.46581
-2.45653
-2.43517
-2.40192
-2.35705
-2.30088
-2.23373
-2.15596
-2.0679
-1.96995
-1.8627
-1.74719
-1.62539
-1.50062
-1.37754
-1.26129
-1.15608
-1.06447
-0.987572
-0.925545
-0.878098
-0.844728
-0.824841
-0.817794
-0.822899
-0.839424
-0.866585
-0.903542
-0.949398
-1.0032
-1.06395
-1.13061
-1.20215
-1.27754
-1.3558
-1.43601
-1.51733
-1.59895
-1.6801
-1.75999
-1.83773
-1.9123
-1.98248
-2.04691
-2.10413
-2.15275
-2.19154
-2.21956
-2.23621
-2.24119
-2.23447
-2.2163
-2.18712
-2.14756
-2.0984
-2.04057
-1.97512
-1.90321
-1.82607
-1.74502
-1.66142
-1.57669
-1.49225
-1.40954
-1.32996
-1.25484
-1.18545
-1.1229
-1.06813
-1.02192
-0.984864
-0.957363
-0.939663
-0.931847
-0.933858
-0.945502
-0.966463
-0.996297
-1.03444
-1.08021
-2.75279
-2.65682
-2.55009
-2.43314
-2.30699
-2.1731
-2.03311
-1.88848
-1.74023
-1.58881
-1.43438
-1.27738
-1.11954
-0.964954
-0.820084
-0.691753
-0.584589
-0.500472
-0.439517
-0.401055
-0.384118
-0.3876
-0.410301
-0.450926
-0.50809
-0.580318
-0.666037
-0.763563
-0.871086
-0.986664
-1.10824
-1.23369
-1.36088
-1.48777
-1.61248
-1.73338
-1.84911
-1.95855
-2.06079
-2.15507
-2.24071
-2.31703
-2.38335
-2.43898
-2.48324
-2.5155
-2.53524
-2.54207
-2.53573
-2.51616
-2.48345
-2.43789
-2.37994
-2.3103
-2.22986
-2.13973
-2.04126
-1.93598
-1.82564
-1.71211
-1.59738
-1.48348
-1.37241
-1.26608
-1.16623
-1.07438
-0.991822
-0.919566
-0.858386
-0.808821
-0.771203
-0.745686
-0.732264
-0.730795
-0.741006
-0.762502
-0.794765
-0.837147
-0.888867
-0.949006
-1.01651
-1.0902
-1.16878
-1.25088
-1.3351
-1.41998
-1.5041
-1.58607
-1.66459
-1.73841
-1.80641
-1.86761
-1.92116
-1.96638
-2.00278
-2.03003
-2.04801
-2.0568
-2.05665
1.12394
1.16704
1.20428
1.23677
1.26533
1.29057
1.3129
1.3326
1.34985
1.36476
1.37743
1.38793
1.39634
1.40274
1.40723
1.40991
1.41093
1.41041
1.4085
1.40534
1.40107
1.39581
1.38962
1.38256
1.37457
1.36553
1.35523
1.34332
1.32938
1.31283
1.29304
1.26929
1.24084
1.20693
1.16684
1.11988
1.0654
1.00282
0.931543
0.851006
0.760621
0.659769
0.547787
0.423972
0.287597
0.137964
-0.0254798
-0.202922
-0.393833
-0.596551
-0.808083
-1.02447
-1.24167
-1.45621
-1.66528
-1.86641
-2.05723
-2.23534
-2.39842
-2.54439
-2.67151
-2.77846
-2.86439
-2.92887
-2.9719
-2.99377
-2.99505
-2.97651
-2.93907
-2.88377
-2.81186
-2.72488
-2.62473
-2.51365
-2.39401
-2.26808
-2.13772
-2.00443
-1.86941
-1.73381
-1.59881
-1.46578
-1.33626
-1.21195
-1.09457
-0.985817
-0.887245
-0.800232
-0.725942
-0.665322
-0.619115
-0.587876
-0.571987
-0.571668
-0.586987
-0.617866
-0.664081
-0.725251
-0.800791
2.93224
2.90882
2.90124
2.90921
2.93255
2.97115
3.02495
3.0939
-3.10525
-3.00629
-2.8927
-2.76493
-2.62375
-2.47026
-2.30604
-2.13321
-1.95453
-1.77329
-1.59308
-1.41745
-1.2496
-1.09222
-0.947429
-0.816889
-0.701828
-0.60311
-0.521283
-0.456616
-0.40914
-0.378696
-0.36497
-0.367531
-0.385849
-0.419303
-0.467163
-0.528559
-0.602446
-0.687565
-0.782447
-0.885447
-0.994816
-1.10879
-1.22565
-1.34373
-1.46141
-1.57711
-1.68923
-1.79618
-1.89639
-1.98835
-2.07065
-2.14202
-2.20138
-2.24785
-2.28077
-2.29976
-2.30465
-2.29555
-2.27285
-2.23726
-2.18984
-2.13206
-2.06577
-1.99316
-1.91654
-1.83808
-1.75962
-1.68259
-1.60801
-1.53666
-1.4691
-1.40583
-1.34731
-1.29398
-1.24627
-1.20464
-1.16949
-1.14121
-1.12013
-1.10653
-1.10064
-1.10261
-1.11254
-1.13043
-1.15621
-1.18972
-1.23065
-1.27855
-1.33274
-1.39226
-1.45579
-1.52171
-1.58808
-1.65286
-1.71413
-1.77027
-1.82004
-1.86265
-1.89762
-0.553046
-0.479098
-0.429028
-0.40301
-0.400592
-0.420733
-0.461797
-0.521489
-0.596781
-0.684017
-0.779364
-0.879511
-0.982155
-1.08602
-1.19053
-1.29544
-1.40053
-1.50538
-1.60935
-1.71147
-1.81058
-1.90535
-1.9944
-2.07643
-2.15025
-2.21488
-2.26951
-2.31357
-2.34669
-2.36867
-2.37946
-2.37918
-2.36809
-2.34655
-2.31507
-2.27428
-2.22491
-2.16782
-2.10391
-2.03416
-1.95951
-1.88087
-1.79904
-1.71466
-1.62829
-1.54036
-1.45134
-1.36186
-1.27291
-1.18602
-1.10336
-1.02758
-0.961424
-0.907236
-0.866672
-0.840632
-0.82939
-0.832748
-0.850171
-0.880872
-0.923867
-0.97801
-1.04203
-1.11454
-1.19411
-1.27924
-1.36844
-1.46023
-1.55318
-1.64589
-1.73702
-1.82527
-1.90936
-1.98805
-2.06015
-2.12455
-2.18024
-2.22639
-2.2623
-2.28751
-2.30171
-2.3048
-2.29683
-2.27801
-2.24869
-2.20936
-2.16068
-2.10341
-2.03848
-1.96693
-1.88996
-1.80886
-1.72504
-1.63995
-1.55511
-1.47198
-1.39201
-1.31652
-1.24669
-2.97798
-2.84891
-2.70479
-2.54664
-2.37644
-2.19741
-2.01378
-1.82989
-1.64924
-1.47426
-1.30667
-1.14786
-0.999185
-0.862011
-0.73768
-0.627419
-0.532275
-0.453074
-0.390412
-0.344672
-0.316047
-0.304563
-0.310111
-0.332466
-0.371305
-0.426215
-0.496687
-0.582066
-0.681456
-0.793561
-0.916484
-1.0476
-1.18368
-1.32131
-1.45743
-1.58965
-1.71623
-1.8359
-1.94765
-2.05055
-2.14373
-2.22637
-2.29774
-2.35717
-2.40412
-2.4382
-2.45912
-2.46675
-2.46107
-2.44216
-2.41025
-2.36564
-2.30878
-2.24027
-2.16092
-2.07186
-1.97464
-1.87134
-1.76454
-1.65712
-1.55187
-1.4512
-1.35689
-1.27023
-1.19206
-1.12295
-1.06331
-1.01344
-0.973553
-0.943803
-0.924265
-0.914942
-0.915766
-0.926591
-0.947197
-0.977288
-1.01649
-1.06435
-1.1203
-1.18368
-1.25363
-1.32909
-1.40874
-1.49096
-1.57385
-1.6554
-1.7336
-1.80664
-1.87308
-1.9318
-1.98206
-2.02339
-2.05552
-2.07836
-2.09194
-2.09638
-2.09191
-2.07881
-2.05745
-0.504791
-0.668962
-0.839621
-1.01421
-1.18964
-1.36238
-1.52853
-1.68403
-1.82485
-1.94734
-2.04848
-2.12624
-2.17992
-2.21038
-2.22025
-2.21385
-2.1967
-2.17437
-2.15117
-2.12953
-2.11018
-2.09273
-2.07622
-2.05949
-2.04138
-2.02091
-1.99728
-1.96994
-1.93859
-1.9032
-1.86396
-1.82127
-1.77568
-1.72785
-1.67845
-1.6281
-1.57733
-1.52649
-1.47577
-1.42521
-1.37472
-1.32414
-1.27336
-1.22244
-1.17177
-1.12225
-1.07543
-1.03351
-0.999063
-0.974618
-0.96221
-0.963115
-0.977828
-1.00617
-1.04743
-1.10049
-1.16392
-1.23611
-1.31527
-1.39958
-1.48718
-1.57627
-1.66516
-1.75225
-1.83612
-1.91548
-1.98923
-2.05638
-2.11613
-2.16778
-2.2108
-2.24475
-2.26933
-2.28435
-2.28976
-2.28558
-2.27198
-2.24921
-2.21764
-2.17776
-2.13015
-2.07553
-2.01472
-1.94864
-1.8783
-1.80482
-1.72935
-1.65309
-1.57725
-1.50299
-1.43146
-1.36369
-1.30064
-1.24313
-1.19187
-1.14742
-1.11023
-1.08059
-1.0587
1.85291
2.00841
2.16692
2.33032
2.5002
2.67781
2.86399
3.05905
-3.02046
-2.80918
-2.59204
-2.37167
-2.15153
-1.93587
-1.7295
-1.5374
-1.36425
-1.21374
-1.088
-0.987041
-0.908569
-0.848201
-0.800382
-0.759747
-0.722345
-0.686118
-0.65064
-0.616552
-0.58503
-0.557432
-0.535076
-0.519154
-0.510693
-0.510573
-0.519559
-0.53834
-0.56755
-0.607778
-0.659539
-0.723229
-0.799088
-0.887206
-0.987576
-1.10015
-1.22483
-1.36116
-1.50765
-1.66056
-1.81311
-1.95677
-2.08468
-2.1935
-2.28256
-2.35246
-2.40418
-2.43876
-2.45724
-2.46062
-2.44992
-2.42611
-2.39018
-2.34317
-2.28614
-2.22021
-2.14661
-2.06665
-1.98172
-1.89332
-1.80295
-1.71214
-1.62236
-1.53498
-1.45122
-1.37211
-1.29849
-1.23099
-1.17007
-1.11601
-1.06897
-1.02898
-0.996026
-0.970033
-0.950909
-0.938569
-0.932954
-0.934046
-0.941876
-0.956518
-0.978075
-1.00664
-1.04228
-1.08494
-1.13445
-1.19048
-1.25248
-1.31975
-1.39137
-1.46628
-1.54329
0.912319
0.991542
1.04621
1.07767
1.08791
1.07918
1.0538
1.01385
0.961137
0.8971
0.822897
0.739431
0.647386
0.547224
0.439146
0.323059
0.198562
0.064983
-0.078528
-0.232817
-0.398429
-0.575215
-0.761941
-0.956153
-1.15454
-1.35375
-1.55131
-1.7461
-1.93809
-2.12748
-2.31335
-2.49221
-2.65778
-2.80335
-2.92463
-3.02027
-3.09053
-3.13624
3.1248
3.1252
-3.13611
-3.09393
-3.03264
-2.95353
-2.85792
-2.74722
-2.62294
-2.48682
-2.34082
-2.18719
-2.02842
-1.86715
-1.70601
-1.5475
-1.39377
-1.24659
-1.10732
-0.977007
-0.856495
-0.746554
-0.647975
-0.561598
-0.488286
-0.428858
-0.384013
-0.354285
-0.340028
-0.341432
-0.358535
-0.391239
-0.439302
-0.502322
-0.579712
-0.670668
-0.774144
-0.888829
-1.01314
-1.14519
-1.28287
-1.4238
-1.56545
-1.70521
-1.84053
-1.96902
-2.08859
-2.19751
-2.29444
-2.37837
-2.44864
-2.50483
-2.54676
-2.57441
-2.58791
-2.5875
-2.57353
-2.54644
-2.50682
-2.45535
-2.39287
-1.56514
-1.3954
-1.23379
-1.08272
-0.944046
-0.819184
-0.709192
-0.61485
-0.536693
-0.475036
-0.430003
-0.401547
-0.389486
-0.39352
-0.413253
-0.448195
-0.497751
-0.561188
-0.63758
-0.725749
-0.824208
-0.931157
-1.04454
-1.1622
-1.28199
-1.40191
-1.52018
-1.63515
-1.74533
-1.8493
-1.94573
-2.03338
-2.11111
-2.17791
-2.23291
-2.27546
-2.30504
-2.32136
-2.3243
-2.31398
-2.29068
-2.25494
-2.20756
-2.14967
-2.08273
-2.00856
-1.92924
-1.84694
-1.76371
-1.68132
-1.60121
-1.52446
-1.45192
-1.38429
-1.32213
-1.26598
-1.21631
-1.17357
-1.13816
-1.11044
-1.0907
-1.07917
-1.07602
-1.08131
-1.09504
-1.11713
-1.14736
-1.18541
-1.23079
-1.28282
-1.34056
-1.4028
-1.46801
-1.53444
-1.60021
-1.66351
-1.72274
-1.77662
-1.82424
-1.86498
-1.89848
-1.92457
-1.94323
-1.95452
-1.95859
-1.95567
-1.94602
-1.92994
-1.9078
-1.87998
-1.84694
-1.80916
-1.76716
-1.72156
-1.67303
-1.62235
-1.57039
-1.51812
-1.46662
0.650435
0.537827
0.414314
0.279377
0.132739
-0.0255978
-0.195315
-0.375742
-0.565799
-0.763913
-0.967928
-1.17504
-1.38181
-1.58424
-1.77798
-1.95853
-2.12158
-2.26318
-2.38012
-2.47009
-2.53199
-2.56603
-2.57381
-2.55838
-2.52416
-2.47657
-2.42108
-2.36201
-2.3019
-2.24168
-2.18125
-2.12003
-2.05729
-1.99244
-1.92511
-1.85526
-1.78323
-1.70967
-1.63551
-1.56185
-1.4898
-1.42041
-1.35448
-1.29259
-1.23504
-1.18194
-1.13317
-1.08854
-1.04781
-1.01079
-0.977463
-0.948034
-0.923073
-0.903548
-0.8908
-0.886398
-0.891912
-0.908655
-0.937495
-0.97876
-1.03223
-1.0972
-1.17252
-1.2567
-1.34801
-1.44453
-1.54427
-1.64522
-1.74542
-1.84303
-1.93636
-2.0239
-2.1043
-2.17643
-2.23937
-2.29238
-2.33491
-2.36659
-2.38721
-2.39671
-2.39519
-2.38285
-2.36002
-2.32716
-2.28485
-2.23381
-2.17484
-2.10892
-2.03712
-1.96061
-1.88066
-1.79862
-1.71583
-1.63365
-1.55341
-1.47635
-1.40361
-1.33619
-1.27494
-2.07358
-2.0386
-1.99568
-1.9457
-1.88964
-1.8285
-1.76332
-1.69518
-1.62515
-1.55432
-1.48381
-1.41474
-1.34822
-1.28537
-1.22725
-1.17487
-1.12913
-1.09078
-1.06043
-1.03854
-1.02538
-1.02107
-1.02559
-1.03876
-1.06028
-1.08973
-1.12657
-1.17014
-1.21968
-1.27434
-1.33315
-1.3951
-1.45908
-1.52397
-1.58863
-1.65191
-1.71273
-1.77008
-1.82303
-1.87077
-1.91264
-1.94806
-1.97663
-1.99805
-2.01215
-2.0189
-2.01835
-2.0107
-1.99624
-1.97534
-1.94852
-1.91634
-1.87948
-1.83868
-1.79475
-1.74852
-1.70089
-1.65271
-1.60485
-1.55814
-1.51335
-1.47119
-1.43233
-1.3973
-1.3666
-1.34062
-1.31966
-1.30391
-1.2935
-1.28844
-1.28864
-1.29392
-1.30402
-1.31856
-1.3371
-1.35914
-1.38409
-1.41133
-1.44023
-1.47014
-1.50043
-1.5305
-1.55978
-1.58776
-1.61398
-1.63804
-1.65957
-1.67829
-1.69394
-1.70636
-1.71539
-1.72098
-1.72309
-1.72177
-1.71714
-1.70935
-1.69864
-1.68531
-1.66972
-2.79174
-2.80494
-2.80839
-2.8032
-2.78996
-2.7688
-2.73963
-2.70219
-2.65619
-2.60132
-2.53735
-2.46416
-2.38183
-2.29075
-2.19167
-2.08574
-1.97442
-1.85931
-1.74187
-1.62323
-1.50409
-1.38474
-1.26536
-1.14633
-1.0288
-0.915175
-0.809322
-0.715893
-0.639066
-0.581596
-0.544743
-0.528707
-0.53304
-0.556893
-0.599126
-0.658355
-0.732979
-0.8212
-0.921049
-1.03042
-1.14712
-1.26893
-1.39365
-1.51921
-1.64368
-1.76535
-1.88266
-1.99425
-2.09884
-2.19523
-2.2823
-2.35897
-2.42426
-2.47734
-2.51756
-2.54447
-2.55779
-2.55744
-2.54348
-2.51614
-2.47578
-2.42293
-2.35825
-2.2826
-2.19704
-2.1028
-2.00132
-1.89424
-1.78335
-1.6706
-1.55797
-1.44749
-1.34108
-1.24052
-1.14739
-1.06302
-0.988488
-0.924624
-0.872021
-0.831067
-0.80196
-0.784739
-0.779292
-0.785376
-0.802617
-0.830514
-0.868434
-0.91561
-0.971141
-1.03399
-1.103
-1.17691
-1.2544
-1.3341
-1.41464
-1.49469
-1.57292
-1.64812
-1.71911
-2.23411
-2.30103
-2.35744
-2.40274
-2.43652
-2.45857
-2.46885
-2.46746
-2.45466
-2.43082
-2.39647
-2.35226
-2.29899
-2.23757
-2.16906
-2.09466
-2.01568
-1.93351
-1.84964
-1.76559
-1.68288
-1.60298
-1.52726
-1.45692
-1.39299
-1.33623
-1.28714
-1.24595
-1.21261
-1.18685
-1.16818
-1.15604
-1.14976
-1.14875
-1.15245
-1.16039
-1.17224
-1.18771
-1.2066
-1.22875
-1.25396
-1.28206
-1.31281
-1.34591
-1.38101
-1.41769
-1.45544
-1.4937
-1.53187
-1.56928
-1.60524
-1.63902
-1.66993
-1.69727
-1.72038
-1.73868
-1.75167
-1.75897
-1.76036
-1.75579
-1.74546
-1.72981
-1.70956
-1.68572
-1.65946
-1.63211
-1.60497
-1.57917
-1.55564
-1.53504
-1.51775
-1.50393
-1.4936
-1.48663
-1.48283
-1.48197
-1.48379
-1.48804
-1.49447
-1.50287
-1.51303
-1.52477
-1.53794
-1.55239
-1.568
-1.58462
-1.60213
-1.62035
-1.63909
-1.65809
-1.67702
-1.6955
-1.71307
-1.72921
-1.74338
-1.75504
-1.76367
-1.76885
-1.77024
-2.33603
-2.38246
-2.4086
-2.41877
-2.41774
-2.40983
-2.39808
-2.38411
-2.36831
-2.35033
-2.32942
-2.30472
-2.2754
-2.24073
-2.2002
-2.15352
-2.10065
-2.04182
-1.97755
-1.90858
-1.83582
-1.76022
-1.68264
-1.60377
-1.52407
-1.44375
-1.36289
-1.28153
-1.19992
-1.11881
-1.03972
-0.965155
-0.898447
-0.843162
-0.80231
-0.777873
-0.770761
-0.781031
-0.80812
-0.851022
-0.908391
-0.978622
-1.05991
-1.15029
-1.24773
-1.35016
-1.45555
-1.56196
-1.66755
-1.77067
-1.86983
-1.96369
-2.05106
-2.1309
-2.20226
-2.26432
-2.31637
-2.35785
-2.3883
-2.40742
-2.41505
-2.41116
-2.39585
-2.36935
-2.33205
-2.28445
-2.22721
-2.16114
-2.08722
-2.00656
-1.92043
-1.83025
-1.73751
-1.64379
-1.55067
-1.45972
-1.37243
-1.29016
-1.21414
-1.14541
-1.08483
-1.03307
-0.990647
-0.957868
-0.934903
-0.921773
-0.91836
-0.924421
-0.939591
-0.963393
-0.995237
-1.03443
-1.08018
-1.13161
-1.18778
-1.24766
-1.31022
-1.37439
-1.43908
-2.62417
-2.64778
-2.65777
-2.65449
-2.6384
-2.61005
-2.57007
-2.51924
-2.45849
-2.38891
-2.31175
-2.22847
-2.14067
-2.05013
-1.95874
-1.86844
-1.78113
-1.69858
-1.62233
-1.55348
-1.49268
-1.43998
-1.39481
-1.35613
-1.32254
-1.29258
-1.26502
-1.23902
-1.21419
-1.1906
-1.16864
-1.14894
-1.1322
-1.11915
-1.11048
-1.10676
-1.10847
-1.11594
-1.12935
-1.14875
-1.17406
-1.20504
-1.24134
-1.28247
-1.32784
-1.37673
-1.42835
-1.4818
-1.53613
-1.59032
-1.64334
-1.69411
-1.74159
-1.78472
-1.8225
-1.85398
-1.87827
-1.89458
-1.90227
-1.90085
-1.89003
-1.8698
-1.84054
-1.80305
-1.7587
-1.70943
-1.65767
-1.60599
-1.55679
-1.51192
-1.47258
-1.43938
-1.41248
-1.39174
-1.37683
-1.36734
-1.36282
-1.3628
-1.36683
-1.37449
-1.38536
-1.39908
-1.41531
-1.43375
-1.45413
-1.47623
-1.49985
-1.52484
-1.55104
-1.57834
-1.6066
-1.63565
-1.66528
-1.69517
-1.72488
-1.75384
-1.78134
-1.80654
-1.82854
-0.0098646
0.0034584
-0.0086801
-0.0433996
-0.0973496
-0.166845
-0.248216
-0.338357
-0.435157
-0.53756
-0.645306
-0.75856
-0.877567
-1.00236
-1.13253
-1.26703
-1.40413
-1.54154
-1.67664
-1.80688
-1.93007
-2.04457
-2.14935
-2.24387
-2.32798
-2.40172
-2.46524
-2.51866
-2.56207
-2.59542
-2.61856
-2.63122
-2.63303
-2.62351
-2.6022
-2.56864
-2.52252
-2.46369
-2.39227
-2.30867
-2.21365
-2.10833
-1.99417
-1.87293
-1.74667
-1.6176
-1.48804
-1.36034
-1.23674
-1.11935
-1.01001
-0.910312
-0.821535
-0.744662
-0.680399
-0.629207
-0.591336
-0.566861
-0.555715
-0.557702
-0.572515
-0.599736
-0.638829
-0.689132
-0.749846
-0.820021
-0.898556
-0.984199
-1.07556
-1.17113
-1.26932
-1.36847
-1.46689
-1.56292
-1.65493
-1.74139
-1.82091
-1.89225
-1.95441
-2.00661
-2.04835
-2.07938
-2.09976
-2.1098
-2.11006
-2.10131
-2.0845
-2.06067
-2.03089
-1.99621
-1.95756
-1.91579
-1.87161
-1.82562
-1.77838
-1.73039
-1.68214
-1.63415
-1.58696
2.75643
2.57656
2.42192
2.29024
2.17887
2.08509
2.00618
1.93964
1.88322
1.83497
1.79327
1.75674
1.72428
1.69497
1.66806
1.64287
1.61879
1.59525
1.57163
1.54728
1.52148
1.49342
1.4622
1.42679
1.38609
1.33888
1.2839
1.21981
1.14529
1.05904
0.95981
0.846492
0.718121
0.57394
0.413459
0.236533
0.0434559
-0.16495
-0.387285
-0.621629
-0.865696
-1.11706
-1.37321
-1.63129
-1.88738
-2.1361
-2.37141
-2.58854
-2.78508
-2.96052
-3.11535
3.0328
2.91663
2.81843
2.73738
2.67269
2.62366
2.58968
2.57026
2.56499
2.57359
2.59588
2.6318
2.68133
2.74453
2.82151
2.91234
3.01708
3.13571
-3.01509
-2.86922
-2.71029
-2.53896
-2.35624
-2.16371
-1.96387
-1.76034
-1.55772
-1.36077
-1.1735
-0.998742
-0.838321
-0.693412
-0.564818
-0.453104
-0.358643
-0.28164
-0.222141
-0.180062
-0.155206
-0.147301
-0.156018
-0.180994
-0.22184
-0.27814
-0.349429
-0.435156
-0.534601
-0.646779
-1.78097
-1.87089
-1.95525
-2.0327
-2.10214
-2.16271
-2.21379
-2.25493
-2.2859
-2.3066
-2.3171
-2.31759
-2.30841
-2.29
-2.26293
-2.22787
-2.18562
-2.13704
-2.08312
-2.02489
-1.96344
-1.89987
-1.8353
-1.77076
-1.70722
-1.64554
-1.58642
-1.53041
-1.47787
-1.42905
-1.38407
-1.34295
-1.30569
-1.27229
-1.24276
-1.21718
-1.19565
-1.17832
-1.16535
-1.15689
-1.15309
-1.15405
-1.15979
-1.17031
-1.18549
-1.20515
-1.22901
-1.25671
-1.28781
-1.32177
-1.358
-1.39583
-1.43453
-1.47333
-1.51146
-1.54811
-1.58253
-1.61397
-1.6418
-1.66546
-1.68454
-1.69879
-1.70814
-1.71275
-1.71298
-1.7094
-1.70272
-1.69377
-1.68341
-1.67242
-1.66148
-1.6511
-1.64164
-1.63328
-1.62611
-1.6201
-1.61516
-1.61118
-1.60803
-1.6056
-1.60378
-1.60251
-1.60175
-1.60149
-1.60175
-1.60258
-1.60404
-1.6062
-1.60914
-1.61291
-1.61754
-1.62302
-1.62928
-1.63618
-1.6435
-1.65096
-1.65819
-1.66478
-1.6703
-2.60055
-2.66576
-2.70954
-2.73125
-2.73067
-2.70801
-2.66388
-2.59935
-2.51612
-2.41675
-2.30494
-2.18532
-2.06254
-1.94017
-1.82033
-1.70398
-1.59151
-1.48316
-1.37929
-1.28046
-1.18741
-1.10105
-1.02231
-0.952099
-0.891213
-0.840318
-0.799915
-0.770335
-0.751753
-0.744195
-0.747552
-0.761593
-0.785973
-0.820249
-0.863888
-0.91629
-0.976812
-1.0448
-1.11962
-1.20068
-1.28744
-1.37934
-1.47576
-1.57582
-1.67815
-1.78069
-1.88063
-1.97468
-2.05962
-2.13292
-2.19297
-2.239
-2.27081
-2.28863
-2.29292
-2.28431
-2.26355
-2.23151
-2.18911
-2.13739
-2.07742
-2.01033
-1.93728
-1.85941
-1.77789
-1.69385
-1.6084
-1.52265
-1.43774
-1.35483
-1.27516
-1.20004
-1.13079
-1.0687
-1.01498
-0.970602
-0.936357
-0.912769
-0.900131
-0.89852
-0.907823
-0.927758
-0.957891
-0.997648
-1.04632
-1.10308
-1.16697
-1.23693
-1.31179
-1.39027
-1.47102
-1.55264
-1.63368
-1.71269
-1.7883
-1.85921
-1.92426
-1.98244
-2.03293
-1.28083
-1.26489
-1.25441
-1.2495
-1.25014
-1.25621
-1.2675
-1.2837
-1.3044
-1.32913
-1.35735
-1.38845
-1.42177
-1.45665
-1.49236
-1.52822
-1.56354
-1.59767
-1.63001
-1.66004
-1.6873
-1.71144
-1.73218
-1.74939
-1.76299
-1.77306
-1.77976
-1.78336
-1.78424
-1.78286
-1.77977
-1.77559
-1.77098
-1.7666
-1.7631
-1.76103
-1.7608
-1.76256
-1.76618
-1.77112
-1.77646
-1.7809
-1.78294
-1.78112
-1.77423
-1.76144
-1.74244
-1.71733
-1.68662
-1.65106
-1.61162
-1.56937
-1.52541
-1.48086
-1.43675
-1.39406
-1.35367
-1.31632
-1.28265
-1.25316
-1.22826
-1.2082
-1.19314
-1.18313
-1.17813
-1.17802
-1.18257
-1.19152
-1.20456
-1.22131
-1.24138
-1.26439
-1.28991
-1.31757
-1.34699
-1.37784
-1.40982
-1.44264
-1.47605
-1.50982
-1.54372
-1.5775
-1.61091
-1.64368
-1.6755
-1.70606
-1.73501
-1.76203
-1.78676
-1.80889
-1.82813
-1.84421
-1.85693
-1.86613
-1.8717
-1.87361
-1.87188
-1.8666
-1.85792
-1.4112
-1.48383
-1.55737
-1.63053
-1.70206
-1.7707
-1.83526
-1.89459
-1.94762
-1.99335
-2.03087
-2.05936
-2.07807
-2.08637
-2.08374
-2.06977
-2.04425
-2.00717
-1.95881
-1.89991
-1.8318
-1.75662
-1.67739
-1.59767
-1.52103
-1.45032
-1.38739
-1.33315
-1.28788
-1.25145
-1.22351
-1.20362
-1.19132
-1.18612
-1.18751
-1.19502
-1.20815
-1.2264
-1.24931
-1.27637
-1.30711
-1.34109
-1.37787
-1.41705
-1.45827
-1.50119
-1.54552
-1.59093
-1.63711
-1.68365
-1.73004
-1.77564
-1.81959
-1.86088
-1.89834
-1.93078
-1.95706
-1.97622
-1.98755
-1.99063
-1.98533
-1.97177
-1.95029
-1.92141
-1.88579
-1.84422
-1.79755
-1.74672
-1.69267
-1.6364
-1.57888
-1.52108
-1.46396
-1.40842
-1.35536
-1.3056
-1.25992
-1.21903
-1.18356
-1.15404
-1.13091
-1.11452
-1.10507
-1.10269
-1.10736
-1.11898
-1.13731
-1.16203
-1.1927
-1.22881
-1.26973
-1.31477
-1.36316
-1.41408
-1.46667
-1.52003
-1.57327
-1.62551
-1.67591
0.881908
0.939899
0.992568
1.04105
1.08654
1.13023
1.1733
1.21691
1.26207
1.30963
1.36017
1.41393
1.47078
1.5302
1.59137
1.6533
1.71502
1.77577
1.83508
1.89293
1.94965
2.00592
2.06268
2.12105
2.18224
2.24749
2.31806
2.39516
2.47995
2.57353
2.67692
2.79104
2.91668
3.05446
-3.07843
-2.91552
-2.74033
-2.55368
-2.35699
-2.15227
-1.94216
-1.72976
-1.51845
-1.31169
-1.1127
-0.924336
-0.748896
-0.588123
-0.443205
-0.314858
-0.203437
-0.109053
-0.0316887
0.0286985
0.0721033
0.0984284
0.107481
0.0990065
0.0727532
0.0285396
-0.0336961
-0.113889
-0.211873
-0.327407
-0.460122
-0.609284
-0.773252
-0.948748
-1.13057
-1.31266
-1.49009
-1.66004
-1.8212
-1.97293
-2.11467
-2.24568
-2.36508
-2.47196
-2.56547
-2.6449
-2.70973
-2.75962
-2.79438
-2.81398
-2.81848
-2.80805
-2.78293
-2.74344
-2.68996
-2.62295
-2.54291
-2.45039
-2.34599
-2.23039
-2.10448
-1.96961
-1.82785
-1.68234
-1.53712
-2.94757
-2.8859
-2.81059
-2.7221
-2.62108
-2.5084
-2.38522
-2.25303
-2.11367
-1.96928
-1.82231
-1.67534
-1.53101
-1.3918
-1.25996
-1.13736
-1.02547
-0.925373
-0.83778
-0.76312
-0.701598
-0.653249
-0.617979
-0.595588
-0.585782
-0.588175
-0.602285
-0.627528
-0.663212
-0.708526
-0.762535
-0.824184
-0.892296
-0.96559
-1.0427
-1.12223
-1.20277
-1.28299
-1.36169
-1.43785
-1.51072
-1.5798
-1.64487
-1.70592
-1.76309
-1.81659
-1.86655
-1.91302
-1.95589
-1.99491
-2.02972
-2.05985
-2.08483
-2.10419
-2.11749
-2.12439
-2.12463
-2.11807
-2.10466
-2.0845
-2.0578
-2.02489
-1.98622
-1.94237
-1.89403
-1.842
-1.78718
-1.73057
-1.67324
-1.61633
-1.56099
-1.50841
-1.45976
-1.41613
-1.37856
-1.34793
-1.32496
-1.31016
-1.30375
-1.30566
-1.31541
-1.33215
-1.35462
-1.38125
-1.41033
-1.44018
-1.46934
-1.49676
-1.52173
-1.5439
-1.56319
-1.57967
-1.59354
-1.60502
-1.61435
-1.62175
-1.62742
-1.6315
-1.6341
-0.708806
-0.746982
-0.798431
-0.862266
-0.937401
-1.02257
-1.11633
-1.21713
-1.32326
-1.43294
-1.54433
-1.65553
-1.76464
-1.86977
-1.96913
-2.0611
-2.14423
-2.21734
-2.27953
-2.33011
-2.36867
-2.39495
-2.40892
-2.41063
-2.40032
-2.37831
-2.34506
-2.30115
-2.24731
-2.18439
-2.11341
-2.03556
-1.95217
-1.8647
-1.77473
-1.68387
-1.59376
-1.50594
-1.4219
-1.34295
-1.27028
-1.20487
-1.14757
-1.09904
-1.05974
-1.03002
-1.01002
-0.999748
-0.999061
-1.00766
-1.02511
-1.05083
-1.0841
-1.12408
-1.16982
-1.22031
-1.27445
-1.33116
-1.38937
-1.44803
-1.50618
-1.56289
-1.61732
-1.66869
-1.71626
-1.75939
-1.79748
-1.83003
-1.85659
-1.87682
-1.89049
-1.89745
-1.89768
-1.8913
-1.87858
-1.85991
-1.83585
-1.80712
-1.77456
-1.73912
-1.70181
-1.66364
-1.62558
-1.58848
-1.55311
-1.52008
-1.48991
-1.46297
-1.43957
-1.41994
-1.40424
-1.39259
-1.38504
-1.38161
-1.3823
-1.38704
-1.39572
-1.40818
-1.4242
-2.79922
-2.98229
3.13181
2.97711
2.83678
2.71046
2.59757
2.49733
2.4089
2.33136
2.26379
2.20524
2.15478
2.11146
2.07434
2.04246
2.01483
1.99046
1.96835
1.94751
1.92703
1.90605
1.88393
1.86026
1.83496
1.80838
1.78131
1.75493
1.73072
1.71025
1.69493
1.68588
1.68376
1.68883
1.70098
1.71984
1.74495
1.77581
1.81201
1.85324
1.89935
1.95036
2.00646
2.068
2.13547
2.20953
2.29093
2.38051
2.47918
2.58782
2.70728
2.83821
2.98102
3.13576
-2.98115
-2.80423
-2.61799
-2.42416
-2.22492
-2.02287
-1.82108
-1.62306
-1.43265
-1.25383
-1.09051
-0.946204
-0.823781
-0.725252
-0.651584
-0.602626
-0.577092
-0.572638
-0.586008
-0.613369
-0.650855
-0.695204
-0.744178
-0.7966
-0.852105
-0.910819
-0.973074
-1.03922
-1.10945
-1.18377
-1.26185
-1.34306
-1.42642
-1.51071
-1.59449
-1.67625
-1.75453
-1.82801
-1.8956
-1.95645
-2.01
-2.0559
-2.09405
-2.1245
-2.14748
2.34683
2.55609
2.77374
3.00147
-3.04287
-2.79265
-2.53186
-2.2625
-1.98776
-1.71182
-1.43946
-1.17562
-0.924933
-0.691503
-0.478825
-0.289856
-0.127146
0.00709541
0.111076
0.183637
0.224489
0.234309
0.214637
0.167664
0.0961173
0.00338342
-0.106282
-0.227975
-0.357173
-0.490882
-0.627905
-0.768274
-0.912491
-1.06091
-1.2133
-1.36856
-1.52464
-1.67884
-1.82815
-1.96983
-2.10174
-2.22248
-2.33136
-2.42818
-2.513
-2.58603
-2.64744
-2.69735
-2.73579
-2.76268
-2.77785
-2.78103
-2.77194
-2.75025
-2.71566
-2.66795
-2.60701
-2.53293
-2.44604
-2.34697
-2.23667
-2.11648
-1.98806
-1.85341
-1.71478
-1.5746
-1.43538
-1.29959
-1.16956
-1.04738
-0.934865
-0.833472
-0.744333
-0.66826
-0.605786
-0.557211
-0.522642
-0.502034
-0.495217
-0.501918
-0.521759
-0.554265
-0.598848
-0.654793
-0.72125
-0.797218
-0.881545
-0.972937
-1.06997
-1.17109
-1.27467
-1.37901
-1.48235
-1.58294
-1.67904
-1.76901
-1.85131
-1.92457
-1.98767
-1.19651
-1.23411
-1.27914
-1.33119
-1.38956
-1.45319
-1.52052
-1.58953
-1.65781
-1.72291
-1.78264
-1.83532
-1.87987
-1.91571
-1.94268
-1.96087
-1.97058
-1.97218
-1.96618
-1.95308
-1.93347
-1.90793
-1.87706
-1.84148
-1.80181
-1.75864
-1.71256
-1.66419
-1.61409
-1.56289
-1.51123
-1.45979
-1.40935
-1.36075
-1.31491
-1.27279
-1.23536
-1.20352
-1.17804
-1.15957
-1.14852
-1.14515
-1.1495
-1.16144
-1.1807
-1.20688
-1.23942
-1.27771
-1.32103
-1.36859
-1.41953
-1.47298
-1.528
-1.58365
-1.63897
-1.69303
-1.74491
-1.79373
-1.83869
-1.87904
-1.91415
-1.94348
-1.96663
-1.98327
-1.99323
-1.99643
-1.99292
-1.98285
-1.96645
-1.94409
-1.9162
-1.8833
-1.84601
-1.80501
-1.76102
-1.71485
-1.66731
-1.61924
-1.57147
-1.5248
-1.48002
-1.43784
-1.39891
-1.36381
-1.33301
-1.30692
-1.28584
-1.26997
-1.25943
-1.25423
-1.25431
-1.25951
-1.26958
-1.2842
-1.303
-1.32551
-1.35122
-1.37959
-1.41003
-2.00999
-1.98849
-1.96134
-1.92899
-1.89199
-1.85091
-1.80642
-1.75923
-1.71007
-1.65972
-1.60896
-1.55858
-1.50933
-1.46196
-1.41714
-1.3755
-1.33758
-1.30386
-1.27474
-1.25052
-1.23141
-1.21756
-1.209
-1.20571
-1.20759
-1.21447
-1.22613
-1.24231
-1.26274
-1.28712
-1.3152
-1.34675
-1.38158
-1.41959
-1.46072
-1.50498
-1.55237
-1.60286
-1.65627
-1.71219
-1.76974
-1.82753
-1.88356
-1.93537
-1.9804
-2.01643
-2.04185
-2.05578
-2.05798
-2.0487
-2.02858
-1.99849
-1.95949
-1.91277
-1.85958
-1.80123
-1.739
-1.67416
-1.60794
-1.54147
-1.47581
-1.41194
-1.35071
-1.29293
-1.23929
-1.19044
-1.14695
-1.10935
-1.07811
-1.05365
-1.03632
-1.0264
-1.02407
-1.02943
-1.04248
-1.06308
-1.09101
-1.12588
-1.16722
-1.21443
-1.26678
-1.32347
-1.38357
-1.44612
-1.5101
-1.57443
-1.63808
-1.70001
-1.75924
-1.81484
-1.866
-1.91198
-1.95216
-1.98605
-2.01326
-2.03353
-2.04671
-2.05278
-2.0518
-3.07681
3.09293
2.99755
2.92006
2.86017
2.8175
2.79169
2.78236
2.78921
2.81194
2.85033
2.90417
2.97328
3.05753
-3.1264
-3.01223
-2.88332
-2.73995
-2.58282
-2.41326
-2.23373
-2.04782
-1.85988
-1.67403
-1.49354
-1.3207
-1.15726
-1.00466
-0.864263
-0.737344
-0.625061
-0.528392
-0.448102
-0.384729
-0.338594
-0.309824
-0.29838
-0.304086
-0.326653
-0.365697
-0.420745
-0.491211
-0.576341
-0.675107
-0.786053
-0.907155
-1.0358
-1.16896
-1.30364
-1.43718
-1.56748
-1.69291
-1.81217
-1.92411
-2.02766
-2.12179
-2.20555
-2.27806
-2.33856
-2.38643
-2.42119
-2.44251
-2.45022
-2.44427
-2.42476
-2.3919
-2.34608
-2.28782
-2.21787
-2.1373
-2.04756
-1.95062
-1.84892
-1.74519
-1.64218
-1.54226
-1.4473
-1.35863
-1.2772
-1.20367
-1.13856
-1.08227
-1.03513
-0.997425
-0.969352
-0.951051
-0.942587
-0.943947
-0.955042
-0.975701
-1.00568
-1.04463
-1.09214
-1.14764
-1.21045
-1.27965
-1.35409
-1.4323
-1.51252
0.211555
0.14479
0.0643209
-0.0298324
-0.137575
-0.258611
-0.392294
-0.537494
-0.692552
-0.855391
-1.0238
-1.1958
-1.37
-1.54562
-1.72228
-1.89928
-2.07462
-2.2441
-2.40166
-2.54147
-2.65998
-2.75593
-2.82944
-2.88117
-2.91191
-2.92252
-2.91386
-2.88686
-2.8425
-2.78185
-2.70605
-2.61638
-2.51426
-2.40126
-2.27914
-2.14981
-2.01527
-1.8775
-1.73842
-1.59976
-1.46304
-1.3296
-1.20069
-1.07757
-0.961664
-0.854607
-0.758158
-0.674044
-0.60375
-0.548386
-0.508651
-0.48489
-0.477172
-0.485356
-0.509134
-0.548044
-0.601476
-0.668664
-0.748671
-0.840389
-0.942528
-1.05362
-1.17202
-1.29589
-1.42324
-1.55188
-1.67953
-1.80384
-1.92253
-2.03352
-2.13501
-2.22558
-2.30416
-2.37
-2.42262
-2.46177
-2.48737
-2.49947
-2.49827
-2.48403
-2.45717
-2.41818
-2.3677
-2.30649
-2.23551
-2.15587
-2.06891
-1.97615
-1.87927
-1.78009
-1.68043
-1.58209
-1.48676
-1.39599
-1.31114
-1.23341
-1.16383
-1.10325
-1.05233
-2.71697
-2.73515
-2.73855
-2.72744
-2.70213
-2.66303
-2.61063
-2.54553
-2.4685
-2.38053
-2.28286
-2.17702
-2.06479
-1.94817
-1.82925
-1.71001
-1.59224
-1.47733
-1.3663
-1.25982
-1.15826
-1.06193
-0.971195
-0.886667
-0.809367
-0.74076
-0.68266
-0.636978
-0.605429
-0.589305
-0.589392
-0.605992
-0.638982
-0.687872
-0.751841
-0.829772
-0.920271
-1.02171
-1.13224
-1.24989
-1.37257
-1.49813
-1.62443
-1.74932
-1.87073
-1.98666
-2.09523
-2.19476
-2.28381
-2.36122
-2.42613
-2.47794
-2.51631
-2.54108
-2.55225
-2.54998
-2.53452
-2.50624
-2.46561
-2.41324
-2.34987
-2.27642
-2.19395
-2.10375
-2.00728
-1.90619
-1.80224
-1.69729
-1.59322
-1.49182
-1.39481
-1.30371
-1.21985
-1.14439
-1.07825
-1.02213
-0.976575
-0.941892
-0.918228
-0.905556
-0.903683
-0.912264
-0.930803
-0.958661
-0.995057
-1.03909
-1.08974
-1.14593
-1.2065
-1.2703
-1.3362
-1.40306
-1.46984
-1.53552
-1.59913
-1.65974
-1.7165
-1.76858
-1.81524
0.164305
0.338405
0.500886
0.652636
0.79488
0.929018
1.0565
1.17872
1.29696
1.41238
1.52598
1.63867
1.75131
1.86475
1.97992
2.09785
2.21968
2.34667
2.48012
2.62137
2.77165
2.93208
3.10346
-2.99695
-2.8029
-2.59832
-2.38473
-2.16443
-1.94047
-1.71647
-1.49633
-1.28386
-1.08248
-0.894898
-0.723019
-0.567997
-0.430383
-0.310316
-0.207694
-0.122295
-0.0538424
-0.0020375
0.0334297
0.0528774
0.0566308
0.0450233
0.0184011
-0.0228648
-0.0783581
-0.147588
-0.229955
-0.324703
-0.430882
-0.547303
-0.672504
-0.804729
-0.941922
-1.08175
-1.22163
-1.35886
-1.49067
-1.61444
-1.72782
-1.82895
-1.91658
-1.99021
-2.05013
-2.09734
-2.13341
-2.16021
-2.17955
-2.19294
-2.20141
-2.20549
-2.20527
-2.20058
-2.19106
-2.17631
-2.15595
-2.12968
-2.09729
-2.05875
-2.01414
-1.96373
-1.90793
-1.84733
-1.78269
-1.71488
-1.64492
-1.57392
-1.50304
-1.43344
-1.36627
-1.30261
-1.24346
-1.1897
-1.14207
-1.10119
-1.06754
-0.157582
-0.306886
-0.469374
-0.64313
-0.825884
-1.01511
-1.20822
-1.40275
-1.59653
-1.78767
-1.97433
-2.15441
-2.32528
-2.48389
-2.62727
-2.75321
-2.86046
-2.9486
-3.01773
-3.06815
-3.10026
-3.11445
-3.11108
-3.09052
-3.05315
-2.99939
-2.92974
-2.84481
-2.74532
-2.6322
-2.50649
-2.36945
-2.22251
-2.06727
-1.90564
-1.73986
-1.57264
-1.40719
-1.24696
-1.09528
-0.954938
-0.827944
-0.715614
-0.618716
-0.537647
-0.472569
-0.423484
-0.390287
-0.372792
-0.370749
-0.383853
-0.411745
-0.454008
-0.510155
-0.579609
-0.661671
-0.755474
-0.859921
-0.973615
-1.0948
-1.22132
-1.35072
-1.4804
-1.60777
-1.73052
-1.84666
-1.95455
-2.05286
-2.14052
-2.21666
-2.28062
-2.3319
-2.37015
-2.39519
-2.40698
-2.40562
-2.39134
-2.36452
-2.32569
-2.27556
-2.21502
-2.14523
-2.0676
-1.98377
-1.89558
-1.80495
-1.71375
-1.6237
-1.5363
-1.45284
-1.37443
-1.30201
-1.23641
-1.17835
-1.12845
-1.08725
-1.05517
-1.03255
-1.0196
0.693789
0.724238
0.729366
0.710602
0.669698
0.608477
0.528696
0.4321
0.320581
0.196293
0.0614771
-0.0820043
-0.23307
-0.391466
-0.557477
-0.731488
-0.913508
-1.10274
-1.29728
-1.49407
-1.6892
-1.87848
-2.05807
-2.22498
-2.37722
-2.51371
-2.63411
-2.73845
-2.82701
-2.90009
-2.95798
-3.00095
-3.02923
-3.04307
-3.0427
-3.0284
-3.00049
-2.95931
-2.9053
-2.83896
-2.76091
-2.67189
-2.57281
-2.46477
-2.34906
-2.22716
-2.10075
-1.97161
-1.84164
-1.71272
-1.58665
-1.46513
-1.34962
-1.24136
-1.14134
-1.05031
-0.968808
-0.897213
-0.835771
-0.784638
-0.743908
-0.713633
-0.693822
-0.684451
-0.685447
-0.696688
-0.71799
-0.749097
-0.789671
-0.839289
-0.897425
-0.963448
-1.03661
-1.11603
-1.20068
-1.28941
-1.38092
-1.47376
-1.56641
-1.65724
-1.74461
-1.82687
-1.90243
-1.96978
-2.02754
-2.07449
-2.10959
-2.13202
-2.14122
-2.13693
-2.11922
-2.08856
-2.04594
-1.99294
-1.93179
-1.86528
-1.7964
-1.7279
-1.66191
0.672364
0.793499
0.884312
0.94264
0.968375
0.963317
0.930542
0.873757
0.797019
0.704784
0.601821
0.492512
0.37984
0.264983
0.147667
0.0267071
-0.0995784
-0.233079
-0.375586
-0.528423
-0.692205
-0.867011
-1.05296
-1.25065
-1.46083
-1.68236
-1.90845
-2.12501
-2.31844
-2.48349
-2.62079
-2.73251
-2.82079
-2.88743
-2.93409
-2.9623
-2.97345
-2.96877
-2.94926
-2.9157
-2.86869
-2.80874
-2.73633
-2.65197
-2.5563
-2.45011
-2.3344
-2.21043
-2.07968
-1.9439
-1.80503
-1.66515
-1.52644
-1.39105
-1.26109
-1.13849
-1.02501
-0.922205
-0.831441
-0.753906
-0.690644
-0.642577
-0.610513
-0.595136
-0.596978
-0.616383
-0.653484
-0.708175
-0.780077
-0.868423
-0.971791
-1.08767
-1.21208
-1.33973
-1.46524
-1.58452
-1.69532
-1.79672
-1.88854
-1.97084
-2.04369
-2.10709
-2.16098
-2.20525
-2.2398
-2.26457
-2.27956
-2.28485
-2.28062
-2.26713
-2.24475
-2.21393
-2.17521
-2.12918
-2.0765
-2.01781
-1.95379
-1.88507
-1.81221
-1.84644
-1.74817
-1.65075
-1.55552
-1.46377
-1.37671
-1.29552
-1.22132
-1.15515
-1.09792
-1.05046
-1.01343
-0.987352
-0.972554
-0.969197
-0.977242
-0.996436
-1.02628
-1.06602
-1.11458
-1.17058
-1.23234
-1.29801
-1.36569
-1.43362
-1.50031
-1.56455
-1.62544
-1.68229
-1.73458
-1.78189
-1.82389
-1.86026
-1.89073
-1.91507
-1.93308
-1.94458
-1.94946
-1.94766
-1.93916
-1.92401
-1.90233
-1.87435
-1.84037
-1.80087
-1.75648
-1.70801
-1.65654
-1.60331
-1.54977
-1.49741
-1.44768
-1.40188
-1.36105
-1.32596
-1.29713
-1.27485
-1.25925
-1.25028
-1.24783
-1.25165
-1.26148
-1.27698
-1.29775
-1.32337
-1.35339
-1.38731
-1.42459
-1.46466
-1.5069
-1.55062
-1.59508
-1.63949
-1.68301
-1.72475
-1.76386
-1.79948
-1.83086
-1.85734
-1.8784
-1.89364
-1.90282
-1.90583
-1.9027
-1.89355
-1.87864
-1.85829
-1.83292
-1.80302
-1.76917
-1.73196
-1.69207
-1.65022
-1.60714
-1.5636
-1.52039
-1.47826
-1.43797
-1.40023
-1.51909
-1.71502
-1.90655
-2.08989
-2.26171
-2.41938
-2.56108
-2.6857
-2.79273
-2.88205
-2.9538
-3.00825
-3.04574
-3.06661
-3.07121
-3.05986
-3.03287
-2.99056
-2.93326
-2.86132
-2.77519
-2.67543
-2.56278
-2.43822
-2.30307
-2.15899
-2.00805
-1.85267
-1.69558
-1.53962
-1.38764
-1.24231
-1.106
-0.980663
-0.867844
-0.768665
-0.683883
-0.613956
-0.559107
-0.519385
-0.494708
-0.484894
-0.489677
-0.508717
-0.541596
-0.587811
-0.646762
-0.717727
-0.799845
-0.892091
-0.993257
-1.10194
-1.21655
-1.3353
-1.45629
-1.57752
-1.69696
-1.81262
-1.92262
-2.02521
-2.1188
-2.202
-2.27357
-2.33242
-2.37763
-2.40838
-2.42403
-2.42405
-2.40812
-2.37611
-2.32808
-2.26439
-2.18578
-2.09358
-1.99008
-1.87881
-1.76438
-1.65159
-1.54432
-1.44494
-1.35456
-1.27353
-1.20183
-1.13935
-1.08597
-1.04162
-1.00623
-0.979772
-0.962158
-0.953279
-0.952963
-0.960975
-0.977006
-1.00068
-1.03157
-1.06917
-1.11298
-1.16244
-1.21702
2.65622
2.82632
3.02659
-3.02375
-2.75885
-2.46511
-2.14799
-1.81466
-1.47333
-1.13281
-0.801846
-0.488044
-0.196639
0.069866
0.311169
0.528376
0.723414
0.898665
1.05674
1.20033
1.3321
1.45462
1.57033
1.68149
1.79022
1.89847
2.00804
2.1206
2.23767
2.36062
2.49068
2.62884
2.7759
2.93232
3.09818
-3.01006
-2.82695
-2.63722
-2.44314
-2.24766
-2.05442
-1.86758
-1.69154
-1.5306
-1.38838
-1.26734
-1.16822
-1.08971
-1.02844
-0.979563
-0.937865
-0.899094
-0.860717
-0.821927
-0.783185
-0.745674
-0.710879
-0.680316
-0.655375
-0.637254
-0.62694
-0.625218
-0.632693
-0.649814
-0.676893
-0.71411
-0.761502
-0.818958
-0.88622
-0.96291
-1.0486
-1.14289
-1.2455
-1.35622
-1.4748
-1.60051
-1.73152
-1.86405
-1.9922
-2.10936
-2.2104
-2.29267
-2.35548
-2.39921
-2.42468
-2.43292
-2.42509
-2.40239
-2.3661
-2.31753
-2.25808
-2.18917
-2.11231
-2.02906
-1.941
-1.84975
-1.75687
-1.66387
-1.57214
1.37124
1.41166
1.44724
1.47815
1.50449
1.52632
1.54373
1.55687
1.56601
1.57154
1.57405
1.57426
1.573
1.57119
1.56971
1.56936
1.5708
1.57448
1.58072
1.58965
1.6013
1.61561
1.63249
1.65186
1.67365
1.69787
1.72457
1.75389
1.78604
1.82132
1.86012
1.90292
1.95026
2.00279
2.06122
2.12633
2.19898
2.28007
2.37053
2.47131
2.58333
2.70748
2.84452
2.99507
-3.12364
-2.94514
-2.75292
-2.5479
-2.33187
-2.10775
-1.87964
-1.65235
-1.43068
-1.2187
-1.01958
-0.835762
-0.66913
-0.52112
-0.392748
-0.28462
-0.196954
-0.129633
-0.0822651
-0.054272
-0.0449581
-0.0535759
-0.079365
-0.121563
-0.17938
-0.251953
-0.338273
-0.437136
-0.547136
-0.666716
-0.794258
-0.928167
-1.06689
-1.20889
-1.35256
-1.49617
-1.63781
-1.77544
-1.90692
-2.0301
-2.14295
-2.24356
-2.3303
-2.40178
-2.45691
-2.4949
-2.51529
-2.5179
-2.50287
-2.47067
-2.42211
-2.35845
-2.28151
-2.19378
-2.09829
-1.29113
-1.07031
-0.841605
-0.61251
-0.389088
-0.175796
0.0244549
0.210069
0.380479
0.535871
0.676948
0.804748
0.920512
1.02559
1.12139
1.20932
1.29078
1.36715
1.4398
1.51011
1.57942
1.64912
1.7206
1.79529
1.87464
1.96014
2.05328
2.15555
2.2684
2.39319
2.53118
2.6834
2.85062
3.03329
-3.05177
-2.83861
-2.61139
-2.37169
-2.12193
-1.86573
-1.60814
-1.35517
-1.11262
-0.884897
-0.674869
-0.484196
-0.313797
-0.164099
-0.035158
0.0732825
0.161727
0.230862
0.281476
0.314392
0.330403
0.330221
0.314446
0.283549
0.23787
0.177643
0.103035
0.0142129
-0.0885667
-0.204844
-0.333844
-0.474398
-0.62493
-0.783529
-0.948066
-1.11628
-1.28585
-1.45432
-1.61917
-1.77774
-1.92737
-2.06547
-2.18962
-2.29776
-2.38821
-2.45976
-2.51174
-2.54396
-2.55676
-2.55096
-2.52781
-2.48905
-2.43685
-2.37366
-2.30203
-2.22429
-2.14231
-2.0574
-1.97044
-1.88202
-1.79264
-1.70278
-1.61304
-1.52419
-1.43711
-3.02114
-3.02819
-3.01951
-2.9954
-2.95615
-2.90211
-2.83367
-2.75128
-2.65554
-2.54721
-2.42725
-2.29689
-2.15767
-2.0114
-1.86023
-1.70651
-1.55275
-1.40149
-1.25519
-1.11612
-0.98627
-0.867351
-0.760754
-0.667592
-0.588744
-0.524909
-0.476656
-0.444458
-0.42871
-0.429726
-0.447714
-0.482756
-0.534791
-0.603615
-0.688871
-0.78997
-0.905894
-1.03479
-1.17343
-1.31703
-1.46
-1.5975
-1.72643
-1.84533
-1.95368
-2.05135
-2.13825
-2.21427
-2.27922
-2.33292
-2.37518
-2.4059
-2.42503
-2.43265
-2.42893
-2.41411
-2.38858
-2.35279
-2.30728
-2.25266
-2.18959
-2.11876
-2.04086
-1.95656
-1.86655
-1.77156
-1.67247
-1.57042
-1.46702
-1.36445
-1.26539
-1.17274
-1.08915
-1.01664
-0.956549
-0.909533
-0.875804
-0.855257
-0.847575
-0.852292
-0.868829
-0.896506
-0.934559
-0.982144
-1.03835
-1.10222
-1.17272
-1.24882
-1.32944
-1.41344
-1.49969
-1.58693
-1.67386
-1.75904
-1.84097
-1.9181
-1.98894
-2.05212
-2.10649
-0.0367566
0.0356086
0.0912998
0.130632
0.153959
0.161635
0.153983
0.131289
0.0938112
0.0418017
-0.0244596
-0.104622
-0.198222
-0.304657
-0.42318
-0.55293
-0.692994
-0.842485
-1.00058
-1.16642
-1.33888
-1.51599
-1.69433
-1.86892
-2.03427
-2.18595
-2.32146
-2.43981
-2.54086
-2.62478
-2.69185
-2.74236
-2.77661
-2.79495
-2.79774
-2.7854
-2.75842
-2.71735
-2.66283
-2.59557
-2.5164
-2.42621
-2.32597
-2.21672
-2.09953
-1.97553
-1.84596
-1.71231
-1.57646
-1.44082
-1.30832
-1.18214
-1.06521
-0.95987
-0.867666
-0.7895
-0.725802
-0.676705
-0.642156
-0.621977
-0.615896
-0.623558
-0.644529
-0.678295
-0.72426
-0.78174
-0.849966
-0.928072
-1.01509
-1.10993
-1.21132
-1.31783
-1.42775
-1.53909
-1.64968
-1.7572
-1.85942
-1.95439
-2.04049
-2.11651
-2.1816
-2.23518
-2.27692
-2.30666
-2.32437
-2.33015
-2.3242
-2.30683
-2.27844
-2.23953
-2.19072
-2.13275
-2.06649
-1.99298
-1.91345
-1.82931
-1.74214
-1.65369
-1.56573
-1.21196
-1.26611
-1.32269
-1.38076
-1.43935
-1.49756
-1.55447
-1.60922
-1.66098
-1.70895
-1.75241
-1.7907
-1.82326
-1.84961
-1.8694
-1.8824
-1.88852
-1.88785
-1.88061
-1.86723
-1.84827
-1.82449
-1.79674
-1.76598
-1.73319
-1.69932
-1.66525
-1.63174
-1.59943
-1.56885
-1.54041
-1.51446
-1.49124
-1.47097
-1.45384
-1.43997
-1.42948
-1.42247
-1.419
-1.4191
-1.42277
-1.42997
-1.44059
-1.45448
-1.47141
-1.49104
-1.51297
-1.53669
-1.56159
-1.58702
-1.61223
-1.6365
-1.65914
-1.67949
-1.69702
-1.7113
-1.72203
-1.72902
-1.73219
-1.73156
-1.72722
-1.71935
-1.70817
-1.69394
-1.67696
-1.65758
-1.63616
-1.61307
-1.58873
-1.56356
-1.53799
-1.51248
-1.48748
-1.46348
-1.44091
-1.42023
-1.40187
-1.3862
-1.37355
-1.36421
-1.35838
-1.35619
-1.35772
-1.36294
-1.37177
-1.38406
-1.39958
-1.41806
-1.43917
-1.46252
-1.48772
-1.51431
-1.54182
-1.56979
-1.59773
-1.62516
-1.65161
-1.67665
-1.69985
-2.39383
-2.22404
-2.05137
-1.87847
-1.7084
-1.54454
-1.39048
-1.24992
-1.1265
-1.02365
-0.944276
-0.890498
-0.863347
-0.862489
-0.885928
-0.929647
-0.987453
-1.05178
-1.11573
-1.17487
-1.2275
-1.27371
-1.31449
-1.35112
-1.38484
-1.41671
-1.44755
-1.4779
-1.50802
-1.53796
-1.56759
-1.59667
-1.62492
-1.65206
-1.67788
-1.70229
-1.72529
-1.74703
-1.76779
-1.78795
-1.80796
-1.82829
-1.84939
-1.87157
-1.89488
-1.91901
-1.9431
-1.96571
-1.98485
-1.99825
-2.00375
-1.99965
-1.98495
-1.95937
-1.92325
-1.87746
-1.82321
-1.76195
-1.69531
-1.62495
-1.55257
-1.47976
-1.40806
-1.33883
-1.2733
-1.21253
-1.15741
-1.10866
-1.06687
-1.03244
-1.00568
-0.98673
-0.975645
-0.972359
-0.976708
-0.988438
-1.00721
-1.03261
-1.06415
-1.10127
-1.14337
-1.1898
-1.23985
-1.2928
-1.34792
-1.40444
-1.46162
-1.51872
-1.57504
-1.62988
-1.68261
-1.73263
-1.7794
-1.82241
-1.86124
-1.8955
-1.92488
-1.94913
-1.96806
-1.91725
-1.84613
-1.77154
-1.69407
-1.61413
-1.53192
-1.44758
-1.36132
-1.27366
-1.18577
-1.09978
-1.01884
-0.946743
-0.887084
-0.842537
-0.814586
-0.803699
-0.80962
-0.831605
-0.868571
-0.919182
-0.98191
-1.05508
-1.1369
-1.22553
-1.31912
-1.41583
-1.51392
-1.61175
-1.70783
-1.8008
-1.88947
-1.97276
-2.0497
-2.11941
-2.1811
-2.23403
-2.27756
-2.31116
-2.33439
-2.34695
-2.34868
-2.33953
-2.31963
-2.28921
-2.24869
-2.19861
-2.13969
-2.07277
-1.99888
-1.91918
-1.83495
-1.74761
-1.65862
-1.5695
-1.48177
-1.39688
-1.31621
-1.24102
-1.17239
-1.11126
-1.05837
-1.0143
-0.979458
-0.954094
-0.938305
-0.932054
-0.935173
-0.947373
-0.968244
-0.997265
-1.0338
-1.07712
-1.12639
-1.18068
-1.23901
-1.30033
-1.36357
-1.42763
-1.49145
-1.55396
-1.61414
-1.67106
-1.72384
-1.7717
-1.81397
-1.85009
-1.87965
-1.90236
-1.91809
-1.92685
-1.9288
-1.92426
-1.91369
-1.89763
-1.87676
-1.85182
-1.82357
-1.79277
-0.0540354
-0.162766
-0.284385
-0.418505
-0.564386
-0.720867
-0.88632
-1.05865
-1.23535
-1.41358
-1.59035
-1.76268
-1.92777
-2.08317
-2.22686
-2.35727
-2.47332
-2.57433
-2.65997
-2.73017
-2.78504
-2.82482
-2.8498
-2.86033
-2.85676
-2.83947
-2.80886
-2.76537
-2.70949
-2.64178
-2.56285
-2.4734
-2.37423
-2.26625
-2.15055
-2.02838
-1.90122
-1.77081
-1.63908
-1.50816
-1.38025
-1.25763
-1.14246
-1.03682
-0.942579
-0.861412
-0.794754
-0.743797
-0.709468
-0.692419
-0.693003
-0.711262
-0.746898
-0.799216
-0.866998
-0.948314
-1.04035
-1.13944
-1.24159
-1.34322
-1.44175
-1.53566
-1.62419
-1.707
-1.78391
-1.85474
-1.91925
-1.97714
-2.02809
-2.07174
-2.10776
-2.1359
-2.15594
-2.16776
-2.17131
-2.16664
-2.15386
-2.13315
-2.10475
-2.06894
-2.02603
-1.97633
-1.9202
-1.858
-1.79017
-1.71727
-1.64011
-1.55983
-1.47809
-1.39701
-1.3191
-1.24695
-1.18278
-1.12826
-1.08443
-1.05177
-1.03037
-1.02003
-1.02035
1.72561
1.77417
1.82429
1.87821
1.93803
2.00544
2.08178
2.16801
2.26487
2.37301
2.49309
2.62582
2.77196
2.93211
3.1064
-2.98912
-2.79001
-2.58231
-2.36891
-2.15214
-1.9338
-1.71557
-1.49951
-1.28817
-1.08458
-0.89191
-0.713195
-0.551105
-0.407822
-0.28502
-0.183905
-0.10526
-0.0494792
-0.0165993
-0.00633108
-0.0181154
-0.0511896
-0.104642
-0.177415
-0.268211
-0.375306
-0.49634
-0.628316
-0.767975
-0.912407
-1.05946
-1.20773
-1.3562
-1.50394
-1.64984
-1.79253
-1.93036
-2.06155
-2.18432
-2.29699
-2.3981
-2.48646
-2.56113
-2.62143
-2.66687
-2.69712
-2.71201
-2.71144
-2.69546
-2.66417
-2.6178
-2.55663
-2.48105
-2.39152
-2.28869
-2.17352
-2.04761
-1.91351
-1.77493
-1.63636
-1.50213
-1.37547
-1.25838
-1.15187
-1.05643
-0.97233
-0.899762
-0.838896
-0.789872
-0.752791
-0.727688
-0.714526
-0.713181
-0.723443
-0.745017
-0.777526
-0.820522
-0.873492
-0.935869
-1.00704
-1.08634
-1.17302
-1.26623
-1.36487
2.66068
2.47013
2.29539
2.13432
1.98482
1.84476
1.71203
1.58454
1.46023
1.33709
1.21316
1.08653
0.955424
0.818149
0.673209
0.51935
0.355626
0.181448
-0.0034187
-0.198932
-0.404923
-0.621264
-0.847886
-1.08439
-1.32892
-1.57664
-1.81953
-2.04958
-2.26218
-2.45598
-2.6311
-2.78792
-2.92673
-3.04772
3.13213
3.04625
2.97753
2.92564
2.89019
2.87081
2.86717
2.87894
2.90588
2.94776
3.00435
3.07544
-3.12241
-3.02313
-2.91029
-2.78433
-2.64576
-2.49516
-2.33328
-2.1612
-1.98071
-1.79473
-1.60755
-1.4242
-1.24926
-1.08599
-0.936281
-0.801121
-0.681064
-0.576468
-0.487594
-0.414623
-0.357654
-0.316696
-0.291672
-0.282425
-0.288729
-0.310293
-0.346768
-0.397751
-0.462779
-0.541326
-0.632786
-0.736429
-0.851338
-0.976281
-1.10956
-1.24884
-1.39119
-1.53324
-1.6717
-1.80377
-1.9273
-2.04078
-2.14315
-2.23364
-2.31166
-2.37677
-2.42863
-2.46704
-2.49187
-2.50312
-2.5009
-2.4854
-2.45691
-2.51038
-2.46925
-2.41784
-2.35688
-2.2872
-2.20977
-2.1257
-2.03621
-1.94262
-1.84635
-1.74887
-1.65165
-1.55615
-1.46374
-1.37569
-1.29313
-1.21704
-1.14823
-1.08733
-1.03485
-0.991103
-0.95631
-0.930558
-0.913837
-0.906046
-0.907001
-0.916441
-0.934029
-0.959356
-0.991939
-1.03122
-1.07656
-1.12725
-1.18251
-1.24148
-1.30323
-1.36676
-1.43102
-1.49493
-1.55737
-1.61722
-1.67339
-1.72485
-1.77064
-1.80993
-1.84204
-1.86645
-1.8829
-1.89131
-1.89191
-1.88517
-1.87186
-1.85295
-1.82961
-1.80305
-1.77446
-1.74489
-1.71522
-1.68609
-1.65796
-1.63114
-1.60582
-1.58213
-1.56015
-1.53997
-1.52168
-1.50537
-1.49115
-1.47918
-1.46959
-1.46256
-1.45825
-1.45683
-1.45843
-1.46318
-1.47114
-1.48233
-1.49667
-1.51396
-1.5339
-1.55603
-1.57971
-1.60418
-1.62859
-1.65201
-1.67355
-1.69241
-1.70791
-1.71959
-1.72714
-1.73044
-1.72951
-1.72449
-1.71562
-1.70321
-1.6876
-1.6692
-1.64841
-1.62565
1.19732
0.967706
0.707715
0.417841
0.0998022
-0.243394
-0.607595
-0.98788
-1.37859
-1.77208
-2.15744
-2.52326
-2.8629
3.10838
2.82338
2.56376
2.32767
2.11289
1.91689
1.73688
1.56992
1.41306
1.26343
1.1183
0.975163
0.831751
0.686103
0.536587
0.381952
0.221382
0.0545596
-0.118256
-0.296162
-0.47755
-0.660092
-0.840779
-1.01607
-1.18214
-1.33534
-1.47271
-1.59262
-1.69537
-1.78348
-1.86136
-1.93425
-2.00676
-2.08167
-2.15981
-2.24038
-2.32163
-2.40138
-2.47741
-2.54769
-2.61048
-2.66438
-2.7083
-2.74148
-2.76336
-2.77358
-2.77192
-2.75822
-2.73241
-2.69445
-2.64436
-2.58227
-2.50842
-2.42325
-2.32732
-2.22125
-2.10562
-1.98083
-1.84719
-1.70511
-1.55573
-1.40189
-1.24895
-1.10415
-0.974067
-0.862574
-0.770944
-0.699023
-0.646089
-0.611247
-0.593563
-0.59208
-0.605824
-0.633786
-0.674917
-0.728112
-0.792198
-0.865913
-0.9479
-1.0367
-1.13079
-1.22859
-1.32851
-1.42904
-1.52878
-1.62649
-3.04917
-2.89626
-2.73306
-2.56105
-2.3822
-2.19893
-2.01416
-1.83122
-1.65374
-1.48552
-1.33024
-1.19123
-1.07113
-0.971678
-0.893461
-0.83585
-0.797026
-0.774196
-0.764007
-0.763122
-0.768787
-0.77916
-0.793325
-0.811093
-0.832734
-0.858749
-0.889699
-0.926096
-0.968328
-1.01661
-1.07093
-1.13105
-1.19647
-1.26639
-1.3398
-1.41545
-1.49199
-1.568
-1.64214
-1.71322
-1.78025
-1.84249
-1.89945
-1.95089
-1.99675
-2.03713
-2.07225
-2.10235
-2.12773
-2.14859
-2.16503
-2.17697
-2.18411
-2.18587
-2.18147
-2.16996
-2.15039
-2.12196
-2.08414
-2.03678
-1.98014
-1.91489
-1.84201
-1.76282
-1.67881
-1.59165
-1.50304
-1.41471
-1.32832
-1.24541
-1.16741
-1.09555
-1.03093
-0.974419
-0.926737
-0.888412
-0.85981
-0.841137
-0.832452
-0.83368
-0.844611
-0.864917
-0.894148
-0.931736
-0.977001
-1.02915
-1.08729
-1.15043
-1.21749
-1.28735
-1.35883
-1.43074
-1.50192
-1.57125
-1.63767
-1.70024
-1.75813
-1.81065
-1.85727
