-3.64927
-3.30986
-2.95117
-2.58726
-2.22846
-1.88131
-1.54916
-1.23299
-0.932106
-0.64473
-0.368353
-0.100027
0.163412
0.425116
0.687957
0.95421
1.22522
1.50117
1.78101
2.06278
2.34419
2.62346
2.89991
3.17378
3.44438
3.70548
3.93742
4.10036
4.14421
4.04635
3.83717
3.5702
3.28278
2.98948
2.69236
2.38982
2.08072
1.76543
1.4456
1.12346
0.801285
0.481032
0.164278
-0.147727
-0.453919
-0.753263
-1.04466
-1.32693
-1.59885
-1.8593
-2.10729
-2.34183
-2.56133
-2.76227
-2.93709
-3.07209
-3.14762
-3.14417
-3.05375
-2.8866
-2.665
-2.41111
-2.14014
-1.86045
-1.57612
-1.28927
-1.00134
-0.713693
-0.427761
-0.145064
0.132842
0.404396
0.668053
0.9223
1.16565
1.39662
1.61363
1.81477
1.99736
2.15739
2.28881
2.38331
2.43129
2.42454
2.35988
2.24116
2.07804
1.88226
1.6644
1.43244
1.19189
0.946533
0.699067
0.451655
0.206179
-0.0356021
-0.27199
-0.501307
-0.721863
-0.661913
-0.56689
-0.45218
-0.318959
-0.170248
-0.0104612
0.15526
0.321657
0.48379
0.63727
0.778362
0.903999
1.01176
1.09986
1.16707
1.2127
1.23654
1.2388
1.22005
1.18116
1.12327
1.04776
0.956227
0.850468
0.732443
0.604247
0.468074
0.326171
0.180799
0.0342028
-0.111413
-0.253894
-0.391145
-0.521138
-0.641921
-0.751641
-0.848572
-0.931153
-0.998037
-1.04814
-1.0807
-1.09529
-1.0919
-1.07088
-1.03298
-0.979282
-0.911189
-0.830335
-0.738539
-0.637742
-0.52995
-0.417189
-0.301467
-0.184745
-0.0689138
0.0442199
0.152952
0.255693
0.350986
0.437526
0.514171
0.579967
0.63416
0.676202
0.705759
0.722709
0.727133
0.719311
0.699708
0.66897
0.627914
0.577517
0.518912
0.453375
0.38231
0.307233
0.229749
0.15152
0.0742292
-0.00046673
-0.0709907
-0.135905
-0.193971
-0.244205
-0.285917
-0.318731
-0.342574
-0.357646
-0.364369
-0.363318
-0.355168
-0.340634
-0.320434
-0.295266
-0.2658
-0.232675
-0.196518
-0.15795
-0.117608
2.04053
2.04161
2.07313
2.13406
2.22376
2.34185
2.48805
2.66172
2.8612
3.08285
3.31998
3.56201
3.79472
4.00227
4.17144
4.2968
4.38399
4.44786
4.50378
4.55295
4.56504
4.47294
4.21499
3.80763
3.33133
2.85109
2.39224
1.95819
1.54585
1.15193
0.774317
0.411799
0.0634658
-0.271696
-0.59488
-0.907275
-1.20972
-1.50228
-1.78396
-2.05238
-2.30374
-2.53298
-2.73431
-2.90204
-3.03183
-3.12183
-3.17336
-3.19071
-3.17959
-3.14462
-3.08642
-2.99949
-2.87224
-2.69129
-2.44936
-2.15147
-1.81303
-1.45195
-1.08231
-0.712901
-0.348593
0.0078253
0.354344
0.689016
1.00964
1.31367
1.59823
1.86027
2.09674
2.30478
2.48192
2.62606
2.73525
2.80718
2.83867
2.82547
2.76311
2.64878
2.48351
2.27313
2.02706
1.75578
1.46867
1.17299
0.873944
0.575114
0.279058
-0.0122701
-0.2972
-0.574129
-0.841363
-1.097
-1.33879
-1.56407
-1.76957
-1.95134
-2.10472
-2.22447
-2.30532
-1.85932
-1.82903
-1.79129
-1.73638
-1.65362
-1.534
-1.37323
-1.17381
-0.945211
-0.701625
-0.458435
-0.228822
-0.0217473
0.158469
0.311447
0.43963
0.547195
0.63922
0.721095
0.798127
0.875278
0.956984
1.04704
1.14853
1.26378
1.39431
1.54085
1.70336
1.88113
2.07307
2.27801
2.49503
2.72363
2.96348
3.2136
3.47113
3.72964
3.97773
4.19857
4.37141
4.47519
4.49351
4.41884
4.25437
4.01285
3.7131
3.37553
3.01825
2.65471
2.29331
1.93831
1.59122
1.25213
0.92057
0.596018
0.278058
-0.0335618
-0.338909
-0.637812
-0.929759
-1.21376
-1.4882
-1.7507
-1.99803
-2.22605
-2.42974
-2.60329
-2.74032
-2.83416
-2.87837
-2.86741
-2.79735
-2.66679
-2.47763
-2.23567
-1.95092
-1.63747
-1.31277
-0.996385
-0.707851
-0.463678
-0.273667
-0.138066
-0.0477188
0.0122864
0.0575998
0.100956
0.150825
0.211696
0.285008
0.370109
0.465013
0.566925
0.672576
0.778443
0.880886
0.976265
1.06105
1.13196
-0.263056
-0.389501
-0.524583
-0.669928
-0.826625
-0.995436
-1.17694
-1.37159
-1.57974
-1.80155
-2.03679
-2.28456
-2.5428
-2.80766
-3.0728
-3.32878
-3.563
-3.76063
-3.90681
-3.99013
-4.00634
-3.96064
-3.86669
-3.74212
-3.60211
-3.4535
-3.29137
-3.09957
-2.85731
-2.55181
-2.18836
-1.78657
-1.36745
-0.945127
-0.526593
-0.114714
0.289111
0.683463
1.06629
1.43474
1.78519
2.11337
2.41445
2.68342
2.9155
3.10681
3.25495
3.35916
3.41978
3.43695
3.40892
3.33121
3.19798
3.00588
2.75832
2.46623
2.14434
1.80636
1.46233
1.11844
0.778077
0.442977
0.114035
-0.208145
-0.522925
-0.829442
-1.12649
-1.41243
-1.68517
-1.94207
-2.1799
-2.39463
-2.58121
-2.73333
-2.8435
-2.90388
-2.90807
-2.85344
-2.7425
-2.58229
-2.38224
-2.1518
-1.89911
-1.63069
-1.35163
-1.066
-0.777137
-0.487849
-0.200575
0.0825091
0.359362
0.62792
0.885909
1.13062
1.35871
1.56598
1.74751
1.89791
2.01219
-1.08263
-0.981069
-0.896494
-0.827095
-0.770652
-0.724671
-0.686494
-0.653413
-0.622771
-0.59209
-0.559212
-0.522467
-0.480877
-0.434401
-0.384221
-0.333041
-0.285332
-0.247364
-0.226825
-0.231857
-0.269521
-0.344054
-0.455618
-0.600196
-0.770802
-0.959489
-1.15931
-1.36559
-1.57628
-1.79166
-2.01367
-2.24489
-2.48749
-2.74171
-3.00412
-3.26605
-3.51379
-3.73238
-3.91198
-4.05132
-4.15423
-4.22301
-4.25428
-4.23952
-4.16826
-4.03208
-3.82733
-3.55587
-3.22407
-2.84096
-2.41673
-1.9618
-1.4866
-1.0015
-0.516509
-0.0406882
0.418277
0.853881
1.25957
1.62682
1.94392
2.19823
2.38292
2.50344
2.57605
2.61919
2.64583
2.66116
2.66402
2.64931
2.61051
2.54173
2.43916
2.30182
2.13147
1.93196
1.70839
1.46622
1.21069
0.946389
0.677175
0.406162
0.135865
-0.131632
-0.394503
-0.651064
-0.89974
-1.13913
-1.36817
-1.58628
-1.79338
-1.98954
-2.17409
-2.34386
-2.49062
-2.5985
-2.64445
-2.60595
-2.4752
2.91397
3.50662
4.08017
4.60044
5.03774
5.3695
5.5822
5.67065
5.63507
5.47905
5.21282
4.85872
4.44968
4.01947
3.59404
3.18951
2.81443
2.47252
2.16467
1.89009
1.64697
1.43287
1.24503
1.08051
0.936361
0.80967
0.697625
0.597527
0.506801
0.422987
0.343732
0.266796
0.190046
0.111474
0.0292188
-0.0584029
-0.152859
-0.255363
-0.366841
-0.487917
-0.618919
-0.759927
-0.91086
-1.07159
-1.24207
-1.42247
-1.61319
-1.81483
-2.02806
-2.25324
-2.49007
-2.73702
-2.99084
-3.24605
-3.49475
-3.72696
-3.93176
-4.09931
-4.22353
-4.30407
-4.34598
-4.35586
-4.33458
-4.26972
-4.13468
-3.90358
-3.57641
-3.18443
-2.76657
-2.34887
-1.94262
-1.55052
-1.17179
-0.804782
-0.447933
-0.100045
0.239689
0.571691
0.895958
1.21198
1.51863
1.81407
2.09573
2.36051
2.60503
2.82614
3.02137
3.18906
3.32772
3.4345
3.50281
3.52052
3.47162
3.34365
3.13715
2.86781
2.55817
2.22776
1.88932
-0.938121
-0.999534
-1.06333
-1.13249
-1.20996
-1.29851
-1.40066
-1.51861
-1.65415
-1.80858
-1.98244
-2.17536
-2.38565
-2.61002
-2.84335
-3.07877
-3.30815
-3.52276
-3.71384
-3.87271
-3.99028
-4.05667
-4.06142
-3.99458
-3.84842
-3.61919
-3.30836
-2.92325
-2.47692
-1.98762
-1.47752
-0.971098
-0.493381
-0.0682693
0.283905
0.550939
0.734248
0.849972
0.922498
0.975154
1.02463
1.08025
1.14554
1.22008
1.30078
1.38276
1.45994
1.52568
1.57356
1.5982
1.59609
1.56617
1.50981
1.43052
1.33315
1.22313
1.10576
0.985662
0.866591
0.751267
0.641369
0.537514
0.439193
0.344689
0.251009
0.153957
0.0484895
-0.0705227
-0.207157
-0.363222
-0.537436
-0.725377
-0.920192
-1.11369
-1.29743
-1.46355
-1.60532
-1.71746
-1.79627
-1.83967
-1.84708
-1.81925
-1.75803
-1.66612
-1.54681
-1.40378
-1.24085
-1.06191
-0.870706
-0.670823
-0.465609
-0.258169
-0.0513802
0.152065
0.349614
0.538799
0.717202
0.88244
1.03217
0.956301
0.713127
0.463265
0.20961
-0.045206
-0.298774
-0.548846
-0.793269
-1.02991
-1.25658
-1.47093
-1.67033
-1.85181
-2.01194
-2.14694
-2.25278
-2.32548
-2.36149
-2.35811
-2.31376
-2.22816
-2.10228
-1.93818
-1.73869
-1.50721
-1.24748
-0.963595
-0.660022
-0.34165
-0.0138433
0.317515
0.64582
0.963145
1.25909
1.51943
1.72619
1.86157
1.91642
1.8971
1.82283
1.71578
1.59304
1.46462
1.33493
1.20507
1.07457
0.942516
0.808127
0.671028
0.531331
0.389587
0.246688
0.103747
-0.0380189
-0.177391
-0.313244
-0.444615
-0.570763
-0.691194
-0.805654
-0.914063
-1.01637
-1.11231
-1.20103
-1.28067
-1.34775
-1.39679
-1.42032
-1.40988
-1.35814
-1.26185
-1.12356
-0.951106
-0.754987
-0.545637
-0.33179
-0.120105
0.0845499
0.278626
0.459499
0.625197
0.774243
0.905564
1.01844
1.11246
1.18747
1.24353
1.28076
1.29932
1.29925
1.28043
1.24264
1.18558
1.10913
1.01357
0.899774
0.769345
0.624599
0.468408
0.635691
0.621603
0.630907
0.658915
0.702421
0.759618
0.829594
0.911492
1.00338
1.10068
1.19406
1.2668
1.29342
1.24367
1.09551
0.850185
0.533083
0.178668
-0.183476
-0.532666
-0.855359
-1.14266
-1.3887
-1.58984
-1.74423
-1.85156
-1.91289
-1.93047
-1.90754
-1.84817
-1.75694
-1.63865
-1.49813
-1.33994
-1.16828
-0.986945
-0.799299
-0.608332
-0.416716
-0.226861
-0.040969
0.138938
0.310986
0.473447
0.624732
0.76341
0.888226
0.998132
1.09232
1.17024
1.23163
1.27652
1.3052
1.31816
1.31607
1.2997
1.26984
1.22726
1.1727
1.10687
1.03045
0.944148
0.848733
0.745075
0.63417
0.517149
0.395283
0.269971
0.142726
0.0151519
-0.111076
-0.234233
-0.352568
-0.464326
-0.567769
-0.66121
-0.743035
-0.811742
-0.865984
-0.904614
-0.926737
-0.93177
-0.919496
-0.890123
-0.84433
-0.783303
-0.708755
-0.622925
-0.528545
-0.428772
-0.327073
-0.227057
-0.132249
-0.0458026
0.0297933
0.0929712
0.143226
0.181088
0.207922
-1.51576
-1.7953
-2.01391
-2.16346
-2.24221
-2.25303
-2.20187
-2.0965
-1.94548
-1.7574
-1.54033
-1.30148
-1.04712
-0.782509
-0.512027
-0.239289
0.0326866
0.301316
0.564289
0.819406
1.06443
1.29695
1.51425
1.71324
1.89044
2.04208
2.1643
2.25347
2.30659
2.3216
2.29771
2.23547
2.13672
2.00431
1.84176
1.65291
1.44154
1.21117
0.964882
0.705348
0.434942
0.155892
-0.129543
-0.418969
-0.709814
-0.999269
-1.284
-1.55934
-1.81755
-2.04548
-2.22282
-2.32505
-2.33441
-2.25291
-2.10281
-1.91278
-1.70525
-1.49313
-1.28224
-1.07457
-0.870479
-0.66994
-0.473047
-0.280216
-0.0921913
0.0900248
0.265262
0.432285
0.589889
0.737002
0.872774
0.996657
1.10844
1.20823
1.29636
1.37311
1.43843
1.49146
1.53
1.55012
1.54614
1.51134
1.43964
1.32786
1.17745
0.994379
0.787404
0.565779
0.33772
0.109833
-0.112787
-0.326214
-0.52736
-0.713738
-0.883318
-1.03445
-1.16583
-1.27644
-1.36555
-0.28777
-0.516918
-0.750057
-0.988069
-1.23172
-1.48164
-1.73821
-2.00151
-2.27103
-2.54542
-2.82192
-3.09585
-3.35994
-3.60403
-3.81533
-3.97947
-4.08257
-4.11368
-4.06705
-3.9434
-3.74985
-3.49841
-3.20363
-2.87996
-2.53983
-2.19258
-1.84446
-1.49916
-1.15864
-0.823807
-0.495087
-0.172714
0.143045
0.451768
0.752769
1.045
1.32694
1.59651
1.85095
2.08677
2.29968
2.48462
2.63586
2.74725
2.81266
2.8264
2.78387
2.68205
2.51992
2.29888
2.02296
1.6991
1.33724
0.950275
0.553844
0.166082
-0.192504
-0.499809
-0.735325
-0.887
-0.95828
-0.967943
-0.941319
-0.900628
-0.860622
-0.828931
-0.80809
-0.797475
-0.794687
-0.796459
-0.799256
-0.799676
-0.794724
-0.78199
-0.759741
-0.726946
-0.683235
-0.62883
-0.564441
-0.491154
-0.410334
-0.323525
-0.232381
-0.138601
-0.0438924
0.0500678
0.141652
0.2293
0.311538
0.386994
0.454415
0.512692
0.56088
0.598227
0.624196
0.638493
0.641079
0.632188
0.612324
2.09867
2.18117
2.2888
2.42126
2.57821
2.75888
2.96156
3.183
3.41778
3.65782
3.89226
4.10805
4.29175
4.43243
4.52502
4.57218
4.58247
4.56361
4.51263
4.40832
4.2169
3.91888
3.53346
3.10485
2.67018
2.24776
1.84272
1.45445
1.08068
0.71917
0.368081
0.0260288
-0.308022
-0.634792
-0.954648
-1.26748
-1.57251
-1.86815
-2.15187
-2.42029
-2.66943
-2.8953
-3.09462
-3.26537
-3.40686
-3.51862
-3.59799
-3.63694
-3.62039
-3.52985
-3.3543
-3.10056
-2.79098
-2.45078
-2.0985
-1.74456
-1.39386
-1.04843
-0.709137
-0.37645
-0.050826
0.267163
0.576753
0.876948
1.16649
1.44385
1.70729
1.95484
2.18435
2.39327
2.5783
2.73467
2.85544
2.93124
2.95171
2.90898
2.80179
2.63702
2.42702
2.18503
1.92203
1.64586
1.36184
1.07363
0.783916
0.494871
0.208375
-0.0738616
-0.35021
-0.619055
-0.878701
-1.12726
-1.36246
-1.58145
-1.78048
-1.9547
-2.09809
-2.204
-2.2663
0.399443
0.12297
-0.14031
-0.393837
-0.641131
-0.885604
-1.13039
-1.37817
-1.63094
-1.88972
-2.1542
-2.42217
-2.68901
-2.94723
-3.18667
-3.39563
-3.56295
-3.68017
-3.7423
-3.74694
-3.69285
-3.57918
-3.40581
-3.1743
-2.8887
-2.55591
-2.18533
-1.78825
-1.37688
-0.963438
-0.559403
-0.17508
0.180563
0.500004
0.77766
1.01092
1.20126
1.35426
1.47817
1.58147
1.67092
1.75052
1.82152
1.8828
1.93155
1.96393
1.97587
1.96369
1.9247
1.85755
1.7624
1.64075
1.49517
1.3289
1.14553
0.948619
0.74156
0.527404
0.308832
0.0881641
-0.132608
-0.351786
-0.567942
-0.779915
-0.986813
-1.18794
-1.38261
-1.5696
-1.74628
-1.90711
-2.04189
-2.13478
-2.16654
-2.12202
-1.99957
-1.81346
-1.58605
-1.33788
-1.08313
-0.830101
-0.583296
-0.345194
-0.117343
0.0990702
0.302981
0.493361
0.669224
0.82967
0.973954
1.10156
1.21224
1.30604
1.38324
1.4442
1.48917
1.51794
1.52961
1.52233
1.49335
0.813379
0.984998
1.17498
1.38239
1.60649
1.84625
2.09991
2.36436
2.63469
2.90383
3.16254
3.39968
3.60295
3.76004
3.85996
3.89454
3.85964
3.75584
3.58829
3.3658
3.09944
2.8009
2.48124
2.14997
1.8146
1.48057
1.15142
0.829121
0.51453
0.207777
-0.091325
-0.382958
-0.667058
-0.943183
-1.21049
-1.46778
-1.71363
-1.94639
-2.16415
-2.36451
-2.54434
-2.69951
-2.82493
-2.91479
-2.96325
-2.96526
-2.9174
-2.81836
-2.66909
-2.47245
-2.23262
-1.95457
-1.64359
-1.30519
-0.945053
-0.569234
-0.184117
0.203651
0.587217
0.95918
1.31049
1.62861
1.89627
2.09366
2.20688
2.23784
2.20494
2.13246
2.03976
1.9377
1.83023
1.71724
1.59693
1.46728
1.32686
1.17517
1.0127
0.8407
0.660982
0.475681
0.287045
0.0972974
-0.091462
-0.277323
-0.458616
-0.633957
-0.802292
-0.962915
-1.11544
-1.25968
-1.39535
-1.52159
-1.63621
-1.73473
-1.80948
-1.84948
-1.8422
-1.77784
-1.65441
0.845298
1.00002
1.17123
1.35926
1.56362
1.7832
2.01654
2.26219
2.51904
2.78653
3.06439
3.35178
3.64485
3.93212
4.18845
4.37423
4.45203
4.41539
4.29271
4.1187
3.91306
3.68092
3.42124
3.13307
2.81805
2.48041
2.12577
1.76002
1.38842
1.01531
0.644022
0.277034
-0.0839029
-0.43764
-0.783527
-1.12127
-1.45066
-1.77101
-2.08032
-2.37382
-2.64255
-2.87278
-3.0484
-3.15716
-3.19716
-3.17713
-3.11007
-3.00668
-2.87286
-2.7108
-2.52108
-2.30434
-2.06217
-1.79725
-1.51315
-1.21388
-0.903558
-0.586145
-0.265319
0.0555822
0.373543
0.685761
0.989405
1.28115
1.55643
1.80855
2.02798
2.20301
2.32255
2.38075
2.38022
2.33068
2.24427
2.13122
1.99823
1.84892
1.68504
1.50754
1.31734
1.11562
0.903912
0.684089
0.458205
0.228405
-0.00316326
-0.234398
-0.463245
-0.687649
-0.905426
-1.11402
-1.31014
-1.48923
-1.645
-1.76934
-1.85321
-1.88885
-1.87278
-1.80763
-1.70133
3.00353
2.33864
1.75011
1.26579
0.90603
0.687397
0.623876
0.720881
0.967443
1.33788
1.80218
2.33344
2.90828
3.50432
4.09835
4.66599
5.18239
5.62395
5.97163
6.2148
6.3515
6.38035
6.28882
6.05766
5.69259
5.24211
4.76718
4.30854
3.88449
3.50128
3.16056
2.86238
2.60608
2.39051
2.21411
2.07502
1.97128
1.90092
1.86217
1.85348
1.87364
1.92179
1.99742
2.10024
2.22998
2.38607
2.5671
2.77016
2.99019
3.21956
3.44855
3.66682
3.86627
4.04403
4.204
4.35459
4.50089
4.63022
4.69542
4.62068
4.36484
3.97758
3.54401
3.1148
2.70458
2.31258
1.93488
1.5686
1.21232
0.865594
0.528277
0.200095
-0.119456
-0.431017
-0.735143
-1.03202
-1.32118
-1.60133
-1.87017
-2.12452
-2.36059
-2.57458
-2.76348
-2.92581
-3.06202
-3.17397
-3.26319
-3.32775
-3.35865
-3.33782
-3.24265
-3.05909
-2.79425
-2.47321
-2.12357
-1.76471
-1.40698
-1.05494
-0.71042
-2.78052
-2.68085
-2.53806
-2.35658
-2.14153
-1.89855
-1.63371
-1.35326
-1.06343
-0.770162
-0.478987
-0.194914
0.0775508
0.334356
0.571901
0.787124
0.977724
1.14242
1.28112
1.39479
1.48505
1.55371
1.60219
1.63132
1.64121
1.63145
1.6013
1.54999
1.47699
1.38215
1.26587
1.12909
0.973271
0.800371
0.612752
0.413141
0.204607
-0.00942431
-0.225084
-0.437901
-0.642562
-0.83265
-1.00057
-1.13796
-1.23704
-1.29266
-1.30426
-1.27633
-1.21683
-1.13473
-1.03792
-0.93232
-0.821856
-0.708921
-0.59488
-0.480496
-0.366228
-0.252411
-0.139358
-0.0274055
0.0830745
0.191668
0.297917
0.401297
0.501181
0.596759
0.686939
0.770207
0.844485
0.90702
0.95438
0.982665
0.988008
0.967352
0.919298
0.844661
0.746462
0.629321
0.498583
0.359519
0.216819
0.0744032
-0.0645824
-0.197656
-0.322876
-0.438729
-0.544033
-0.637865
-0.719502
-0.788363
-0.843956
-0.885838
-0.913574
-0.926719
-0.924834
-0.907531
-0.874563
-0.825936
-0.762024
2.87493
3.0576
3.23676
3.40279
3.54431
3.64951
3.70779
3.71132
3.65621
3.54283
3.3755
3.16151
2.90988
2.63011
2.3311
2.02051
1.70439
1.38714
1.0717
0.759804
0.45231
0.149547
-0.148412
-0.441504
-0.729517
-1.01201
-1.2883
-1.55753
-1.81862
-2.07027
-2.31067
-2.53716
-2.74583
-2.93124
-3.08647
-3.20373
-3.27536
-3.29521
-3.25974
-3.16876
-3.02528
-2.83486
-2.60447
-2.34149
-2.05274
-1.74396
-1.41958
-1.08286
-0.736241
-0.381839
-0.0218854
0.341009
0.703887
1.06369
1.41741
1.76177
2.09167
2.39729
2.66038
2.85372
2.95047
2.9429
2.85078
2.70696
2.53797
2.35769
2.1705
1.97614
1.77307
1.56019
1.33747
1.10591
0.867338
0.623999
0.378309
0.132657
-0.11069
-0.34963
-0.582237
-0.8068
-1.02186
-1.22628
-1.41925
-1.60023
-1.76861
-1.92317
-2.06099
-2.17625
-2.25904
-2.2958
-2.27275
-2.18232
-2.02825
-1.82443
-1.58829
-1.33488
-1.07463
-0.813984
-0.556807
-3.22009
-3.50225
-3.80294
-4.09061
-4.33358
-4.50526
-4.58786
-4.57391
-4.46587
-4.27429
-4.01508
-3.70665
-3.36721
-3.01281
-2.65614
-2.30629
-1.96897
-1.64712
-1.34156
-1.05163
-0.775638
-0.51129
-0.255993
-0.00707388
0.238027
0.481609
0.725572
0.97132
1.2197
1.47104
1.72521
1.98182
2.24037
2.50024
2.7604
3.01883
3.27155
3.51175
3.72925
3.91084
4.04194
4.1093
4.1038
4.02254
3.86914
3.65266
3.38549
3.08115
2.75246
2.41038
2.0635
1.71798
1.37786
1.04542
0.721602
0.406347
0.0989197
-0.20182
-0.49712
-0.787998
-1.07486
-1.35715
-1.63313
-1.90002
-2.15465
-2.3945
-2.61884
-2.82921
-3.02851
-3.21808
-3.39193
-3.52881
-3.58756
-3.52135
-3.31599
-3.00836
-2.6532
-2.28785
-1.92833
-1.57881
-1.2392
-0.908706
-0.586948
-0.274125
0.0291135
0.321798
0.602685
0.870245
1.12263
1.35769
1.57307
1.76646
1.93587
2.08001
2.1986
2.29237
2.36282
2.41147
2.43872
2.37831
2.05504
1.75279
1.47277
1.21446
0.97605
0.755032
0.548575
0.353783
0.167821
-0.0120493
-0.188473
-0.364028
-0.541239
-0.722572
-0.910372
-1.10675
-1.3134
-1.53135
-1.7607
-2.00042
-2.24832
-2.50131
-2.75599
-3.00955
-3.26057
-3.50919
-3.75572
-3.99624
-4.21432
-4.37171
-4.41343
-4.30597
-4.07442
-3.77723
-3.45824
-3.13525
-2.81127
-2.48491
-2.15505
-1.82207
-1.48749
-1.15329
-0.821344
-0.493108
-0.169606
0.148486
0.460655
0.766377
1.06498
1.35558
1.63713
1.90853
2.1687
2.41657
2.65066
2.868
3.06207
3.22041
3.3236
3.34979
3.28608
3.13838
2.92814
2.67924
2.40897
2.12698
1.83794
1.5442
1.24737
0.948942
0.650501
0.353686
0.0601252
-0.2286
-0.510973
-0.785527
-1.05083
-1.30543
-1.54776
-1.77592
-1.98725
-2.17774
-2.34122
-2.46895
-2.55029
-2.57531
-2.53893
-2.44378
-2.29933
-2.11788
-1.91067
-1.68613
-1.44999
-1.20605
-0.957076
-0.705259
-0.452575
-0.200894
3.76237
3.43681
3.05489
2.63017
2.17888
1.7184
1.2655
0.834887
0.438192
0.0833918
-0.225628
-0.489379
-0.71262
-0.903305
-1.07071
-1.22346
-1.36823
-1.50919
-1.64801
-1.78404
-1.91449
-2.03471
-2.13852
-2.21881
-2.2685
-2.28161
-2.25423
-2.18516
-2.07599
-1.93058
-1.75437
-1.55346
-1.33395
-1.1014
-0.860623
-0.615656
-0.369837
-0.125982
0.113438
0.346135
0.569869
0.782349
0.981169
1.16378
1.32747
1.46947
1.58695
1.67718
1.73762
1.76609
1.76082
1.72063
1.64492
1.53374
1.38786
1.20885
0.999189
0.762449
0.503435
0.228371
-0.0548578
-0.336299
-0.603276
-0.839821
-1.02739
-1.14867
-1.1947
-1.1706
-1.09392
-0.986471
-0.866777
-0.747201
-0.634565
-0.531848
-0.439723
-0.357621
-0.284397
-0.218733
-0.15936
-0.105175
-0.0552804
-0.00898206
0.0342462
0.074809
0.113043
0.149268
0.183833
0.217153
0.249728
0.282148
0.315073
0.349195
0.385162
0.423473
0.464339
0.507497
0.551994
0.59593
0.636217
-2.30727
-2.0258
-1.77365
-1.54966
-1.35168
-1.17705
-1.02288
-0.886236
-0.764194
-0.653897
-0.552551
-0.457429
-0.36587
-0.275288
-0.18319
-0.0872113
0.0148381
0.124919
0.244695
0.375476
0.518161
0.673224
0.840732
1.02042
1.21184
1.41448
1.62797
1.85209
2.08678
2.33185
2.58659
2.84916
3.11604
3.3814
3.63689
3.87202
4.07544
4.23724
4.35173
4.41938
4.44601
4.43818
4.39546
4.30363
4.13655
3.87404
3.5242
3.12126
2.70111
2.2856
1.88338
1.49593
1.12198
0.759661
0.407222
0.0632901
-0.273122
-0.602607
-0.925316
-1.24087
-1.54824
-1.84566
-2.1306
-2.39988
-2.65003
-2.87768
-3.08012
-3.25534
-3.40154
-3.51542
-3.58974
-3.61151
-3.56386
-3.43418
-3.22404
-2.95067
-2.63758
-2.30449
-1.96385
-1.62233
-1.28317
-0.947997
-0.617781
-0.293243
0.024943
0.336054
0.639259
0.933561
1.21776
1.49042
1.74982
1.99387
2.21989
2.4242
2.60154
2.74449
2.8435
2.88843
2.87177
4.07846
3.90221
3.789
3.7369
3.74317
3.80426
3.9155
4.0704
4.25978
4.47092
4.68706
4.88796
5.05236
5.16264
5.21069
5.20174
5.15142
5.07463
4.96961
4.80776
4.54682
4.17332
3.72582
3.25979
2.80981
2.38725
1.99181
1.61968
1.26696
0.93053
0.608084
0.297799
-0.00197174
-0.292925
-0.576915
-0.855912
-1.13184
-1.40632
-1.68034
-1.95387
-2.22558
-2.49249
-2.74992
-2.99171
-3.21085
-3.40072
-3.55664
-3.6772
-3.76456
-3.82275
-3.85369
-3.8518
-3.79993
-3.67276
-3.45232
-3.14546
-2.78151
-2.39246
-1.99945
-1.61239
-1.2346
-0.866586
-0.508028
-0.158626
0.181625
0.512357
0.83279
1.1417
1.43739
1.71772
1.98024
2.22232
2.44151
2.63574
2.80329
2.94239
3.0502
3.12137
3.14708
3.11602
3.01864
2.85318
2.6284
2.36013
2.06476
1.75503
1.43922
1.12227
0.807098
0.495601
0.18919
-0.110892
-0.403415
-0.687074
-0.960434
-1.22189
-1.4696
-1.70144
-1.91479
1.01888
1.08492
1.13388
1.16534
1.17897
1.17461
1.15231
1.11231
1.05502
0.98098
0.890789
0.785067
0.664409
0.529383
0.380558
0.218581
0.0442925
-0.141121
-0.335934
-0.537601
-0.742308
-0.944207
-1.13425
-1.29888
-1.4198
-1.47706
-1.45689
-1.36015
-1.2032
-1.0095
-0.800258
-0.590359
-0.388771
-0.200382
-0.0276556
0.128302
0.267119
0.388824
0.493674
0.582077
0.654568
0.71182
0.75466
0.784093
0.801307
0.807657
0.804621
0.793736
0.776507
0.754291
0.728177
0.698859
0.666513
0.630695
0.590295
0.54357
0.488306
0.422134
0.342997
0.249668
0.142189
0.0220609
-0.107859
-0.243725
-0.381172
-0.515766
-0.643335
-0.760195
-0.863256
-0.950072
-1.01885
-1.0684
-1.09813
-1.10797
-1.09828
-1.06983
-1.02369
-0.9612
-0.883901
-0.793488
-0.691775
-0.580656
-0.462077
-0.338004
-0.210406
-0.0812294
0.0476132
0.174253
0.296877
0.413732
0.523142
0.623517
0.713385
0.79141
0.856431
0.907497
0.943897
0.965195
0.971246
-0.217147
-0.0605512
0.101084
0.264963
0.426959
0.582178
0.725868
0.854501
0.966708
1.06374
1.1493
1.22886
1.30865
1.39481
1.49269
1.60649
1.73916
1.89237
2.06664
2.26137
2.47479
2.70388
2.9441
3.18915
3.43072
3.65839
3.85992
4.02199
4.13151
4.17743
4.15246
4.05453
3.88723
3.65916
3.38236
3.07012
2.735
2.38738
2.03494
1.68284
1.33416
0.99062
0.65305
0.321813
-0.00293534
-0.321071
-0.632369
-0.936386
-1.23235
-1.51904
-1.79465
-2.05661
-2.3015
-2.52489
-2.7214
-2.88493
-3.0091
-3.08796
-3.11673
-3.09249
-3.01453
-2.8843
-2.70505
-2.48109
-2.21724
-1.91824
-1.58859
-1.23274
-0.855386
-0.461854
-0.0582562
0.348701
0.751953
1.14383
1.51469
1.85024
2.12919
2.32589
2.42258
2.4241
2.35698
2.25244
2.13253
2.00773
1.88054
1.74948
1.61177
1.46492
1.30745
1.13908
0.960656
0.773833
0.5808
0.384003
0.185959
-0.0108713
-0.204151
-0.391708
-0.571587
0.347753
0.0357214
-0.239572
-0.481723
-0.696394
-0.890139
-1.06924
-1.23884
-1.40252
-1.56214
-1.71777
-1.86779
-2.00881
-2.13584
-2.24262
-2.32224
-2.36806
-2.37475
-2.3392
-2.26094
-2.14213
-1.987
-1.80114
-1.59067
-1.36161
-1.11943
-0.868874
-0.613911
-0.357834
-0.103413
0.146938
0.390993
0.626574
0.851431
1.06316
1.25915
1.4366
1.59256
1.72405
1.82825
1.90272
1.94563
1.95594
1.93357
1.87944
1.79541
1.68411
1.5488
1.39308
1.2207
1.03537
0.840644
0.639832
0.435973
0.23185
0.0300265
-0.167116
-0.357344
-0.538576
-0.708928
-0.866829
-1.01117
-1.1415
-1.25812
-1.36217
-1.45542
-1.53985
-1.61704
-1.68715
-1.74777
-1.79248
-1.80998
-1.78481
-1.70161
-1.55229
-1.34141
-1.0844
-0.800334
-0.505754
-0.21261
0.0710803
0.339897
0.589964
0.818334
1.0227
1.20127
1.35278
1.4765
1.57229
1.64055
1.68221
1.69854
1.69099
1.66096
1.60957
1.5376
1.44547
1.33343
1.20185
-3.74285
-3.22695
-2.7447
-2.30462
-1.91114
-1.56495
-1.26372
-1.00299
-0.777094
-0.579871
-0.405272
-0.247748
-0.102491
0.0344401
0.166085
0.294604
0.421353
0.547008
0.671754
0.795525
0.918303
1.04044
1.16296
1.28786
1.41829
1.55863
1.71434
1.89136
2.09476
2.32683
2.58531
2.8637
3.15445
3.45363
3.7627
4.08328
4.40126
4.65931
4.74695
4.58823
4.2534
3.86877
3.49792
3.14996
2.81572
2.48537
2.15364
1.81968
1.48534
1.15333
0.825965
0.504669
0.189967
-0.11822
-0.420209
-0.716198
-1.00594
-1.28846
-1.56182
-1.82291
-2.06747
-2.2903
-2.48586
-2.64923
-2.77731
-2.86989
-2.92999
-2.96319
-2.97565
-2.97126
-2.94841
-2.89732
-2.80023
-2.6374
-2.39891
-2.09308
-1.74177
-1.36795
-0.988043
-0.611506
-0.243388
0.113305
0.456236
0.783096
1.09138
1.37837
1.64122
1.87708
2.08339
2.25805
2.39969
2.50771
2.58204
2.62267
2.62898
2.59914
2.5302
2.41901
2.26409
1.66538
1.81137
1.9839
2.18114
2.4001
2.63725
2.88951
3.15506
3.43345
3.72436
4.02346
4.31413
4.55672
4.69149
4.67793
4.53755
4.32833
4.09185
3.84136
3.57525
3.28925
2.98189
2.65544
2.31463
1.965
1.61159
1.25832
0.907793
0.561555
0.220358
-0.115504
-0.445956
-0.770987
-1.09059
-1.40475
-1.71346
-2.01653
-2.31329
-2.60156
-2.87602
-3.12584
-3.33288
-3.47412
-3.53113
-3.50165
-3.4007
-3.24933
-3.06386
-2.85305
-2.62057
-2.36801
-2.09693
-1.80956
-1.50889
-1.19827
-0.881101
-0.560584
-0.239563
0.0794917
0.394459
0.703491
1.00487
1.29676
1.57673
1.84109
2.08386
2.296
2.46557
2.58012
2.63142
2.61969
2.55343
2.44494
2.30544
2.14276
1.96158
1.76457
1.55351
1.33005
1.096
0.853435
0.604609
0.351859
0.0975169
-0.156149
-0.406942
-0.652689
-0.891126
-1.11967
-1.33508
-1.53295
-1.70731
-1.85042
-1.9536
-2.0092
-2.01336
-1.96789
-1.87968
-1.7581
1.98289
1.64501
1.30852
0.976145
0.649329
0.328596
0.0138544
-0.295304
-0.599353
-0.898632
-1.19321
-1.48281
-1.76673
-2.04385
-2.31239
-2.5698
-2.8123
-3.03467
-3.23
-3.39004
-3.50592
-3.56944
-3.57444
-3.51793
-3.40052
-3.22604
-3.00059
-2.73131
-2.42524
-2.08863
-1.7266
-1.34349
-0.943324
-0.530456
-0.109916
0.312716
0.731767
1.14178
1.53701
1.90939
2.24519
2.52248
2.71514
2.80762
2.80915
2.74866
2.6555
2.54761
2.43138
2.30622
2.16878
2.01557
1.84447
1.65513
1.44884
1.22811
0.996083
0.756095
0.511372
0.264863
0.0192066
-0.22325
-0.460406
-0.690385
-0.911565
-1.12264
-1.32273
-1.51138
-1.68848
-1.85386
-2.00644
-2.14289
-2.25593
-2.33294
-2.35684
-2.31154
-2.19075
-2.00316
-1.76808
-1.50598
-1.23238
-0.956954
-0.685203
-0.420275
-0.1642
0.0814463
0.315236
0.535782
0.741729
0.931795
1.10483
1.25991
1.39635
1.51372
1.61176
1.69019
1.74839
1.78511
1.79816
-1.82547
-1.88778
-1.86524
-1.76951
-1.60772
-1.38539
-1.10942
-0.790946
-0.448017
-0.108919
0.183919
0.373847
0.406039
0.263311
-0.0142077
-0.357082
-0.705134
-1.02008
-1.2812
-1.47903
-1.61123
-1.68004
-1.69057
-1.64953
-1.5643
-1.4423
-1.29059
-1.11563
-0.92319
-0.718326
-0.505408
-0.28822
-0.0700807
0.146018
0.357258
0.56086
0.753995
0.933785
1.09742
1.24245
1.36712
1.47084
1.55446
1.6203
1.67181
1.71287
1.74682
1.77524
1.79658
1.80478
1.78831
1.73099
1.61642
1.43562
1.19286
0.903867
0.588278
0.263242
-0.0586382
-0.368592
-0.660349
-0.929145
-1.1712
-1.38348
-1.56371
-1.71034
-1.82268
-1.90084
-1.94575
-1.95897
-1.94248
-1.89837
-1.82861
-1.73488
-1.61856
-1.48089
-1.32319
-1.14716
-0.955005
-0.749473
-0.533694
-0.310996
-0.0847197
0.141885
0.365691
0.583661
0.792796
0.99009
1.17251
1.337
1.48055
1.60028
1.69356
1.75817
1.79249
1.79566
1.76769
1.70958
1.62318
0.0993581
0.305425
0.503407
0.692133
0.870326
1.03658
1.18936
1.32695
1.4475
1.54899
1.62925
1.68609
1.71736
1.72115
1.69595
1.64081
1.55551
1.4406
1.29746
1.12832
0.936205
0.724928
0.499052
0.263902
0.0256096
-0.208773
-0.431154
-0.632439
-0.803098
-0.934598
-1.02164
-1.06412
-1.06743
-1.04056
-0.993255
-0.933816
-0.868159
-0.799889
-0.730828
-0.661604
-0.592151
-0.522064
-0.450839
-0.378007
-0.303203
-0.226196
-0.146881
-0.0652603
0.0185703
0.104433
0.192057
0.28105
0.370829
0.460523
0.548832
0.633846
0.712861
0.782218
0.837303
0.872837
0.883596
0.865542
0.817023
0.739474
0.637193
0.516309
0.383492
0.244933
0.105822
-0.0297714
-0.158793
-0.279018
-0.388879
-0.487312
-0.573645
-0.647514
-0.708785
-0.757494
-0.793777
-0.81781
-0.829754
-0.8297
-0.817645
-0.793497
-0.757108
-0.708362
-0.647278
-0.574136
-0.489582
-0.39469
-0.290972
-0.180317
-0.0649028
0.0529217
0.170748
0.2862
0.397006
0.501048
0.596395
-3.35748
-3.82169
-4.22064
-4.53868
-4.76553
-4.89698
-4.93362
-4.87797
-4.73242
-4.50113
-4.19513
-3.8346
-3.44436
-3.04647
-2.6562
-2.28206
-1.92776
-1.59403
-1.27983
-0.983129
-0.701299
-0.4314
-0.17036
0.0848897
0.337298
0.589589
0.844164
1.10299
1.3675
1.63847
1.91586
2.1987
2.48494
2.77115
3.05225
3.32095
3.56703
3.77688
3.93411
4.02253
4.0312
3.95855
3.8119
3.60307
3.34408
3.04529
2.71562
2.36318
1.99559
1.61996
1.24259
0.868777
0.502615
0.147085
-0.195729
-0.524246
-0.836903
-1.13167
-1.4057
-1.65543
-1.87703
-2.0674
-2.2249
-2.3496
-2.44263
-2.50517
-2.53758
-2.53918
-2.50841
-2.44347
-2.343
-2.20657
-2.03502
-1.83044
-1.59604
-1.33586
-1.05453
-0.757058
-0.448666
-0.134692
0.179402
0.487879
0.784336
1.06111
1.30872
1.51615
1.67276
1.77203
1.81496
1.81007
1.7697
1.70546
1.62566
1.53505
1.43571
1.32809
1.21199
1.08709
0.953355
-2.29236
-1.96269
-1.62678
-1.28998
-0.955842
-0.626586
-0.303503
0.0127165
0.321676
0.622985
0.915967
1.19937
1.47111
1.72798
1.96561
2.17856
2.36078
2.50642
2.61073
2.67075
2.68543
2.65533
2.5821
2.46803
2.31597
2.12937
1.91232
1.66958
1.40651
1.12884
0.842441
0.553156
0.266639
-0.0116832
-0.276594
-0.523078
-0.74644
-0.942643
-1.10887
-1.24409
-1.34922
-1.42683
-1.48027
-1.51279
-1.52691
-1.52413
-1.50503
-1.46952
-1.41716
-1.34748
-1.26021
-1.15544
-1.03369
-0.895919
-0.743475
-0.578058
-0.401658
-0.216527
-0.0251821
0.169554
0.364441
0.555636
0.738438
0.907025
1.05435
1.17253
1.25404
1.29367
1.29044
1.24818
1.17432
1.07757
0.965867
0.845436
0.720619
0.594252
0.468117
0.343341
0.220672
0.100667
-0.0162155
-0.129554
-0.238944
-0.343974
-0.444211
-0.539158
-0.628198
-0.710505
-0.784938
-0.849925
-0.903366
-0.942622
-0.964643
-0.966319
-0.945031
-0.899307
-0.829338
-0.737131
-0.626209
0.355712
0.847844
1.32692
1.78032
2.18899
2.52168
2.73921
2.82027
2.78677
2.6889
2.56945
2.44946
2.33328
2.21684
2.09323
1.95594
1.80057
1.62537
1.43109
1.22023
0.996317
0.763194
0.524578
0.283861
0.0440804
-0.192009
-0.421809
-0.642744
-0.852152
-1.04721
-1.22492
-1.38215
-1.51582
-1.62307
-1.70161
-1.75002
-1.76803
-1.7567
-1.71842
-1.65668
-1.57576
-1.4802
-1.37441
-1.26223
-1.14669
-1.02986
-0.912732
-0.79525
-0.676313
-0.553897
-0.425294
-0.287536
-0.137991
0.0249453
0.201278
0.389127
0.584839
0.783398
0.978982
1.1655
1.33705
1.48823
1.61444
1.71205
1.77846
1.8122
1.81288
1.78112
1.71839
1.62694
1.50958
1.36953
1.21029
1.03547
0.848642
0.65325
0.452547
0.249564
0.0471202
-0.152138
-0.345693
-0.531103
-0.705967
-0.867912
-1.0146
-1.1438
-1.2534
-1.34156
-1.4068
-1.44806
-1.46482
-1.45713
-1.42563
-1.37153
-1.29659
-1.20302
-1.09342
-0.970641
-0.837722
1.625
1.33329
1.06016
0.804449
0.564803
0.339718
0.127561
-0.0734651
-0.26542
-0.450745
-0.632398
-0.813965
-0.999664
-1.19418
-1.40217
-1.62747
-1.87198
-2.13476
-2.41211
-2.69892
-2.99107
-3.28743
-3.58928
-3.89535
-4.18994
-4.42529
-4.52058
-4.42141
-4.17013
-3.85698
-3.53788
-3.2274
-2.9218
-2.61428
-2.30065
-1.98023
-1.65488
-1.32752
-1.00109
-0.677893
-0.35944
-0.0465798
0.260241
0.560663
0.854117
1.13958
1.41545
1.67954
1.92931
2.1623
2.37669
2.57179
2.74822
2.90717
3.04862
3.16813
3.25289
3.27985
3.22184
3.06426
2.81872
2.51571
2.18532
1.84685
1.5097
1.17767
0.852155
0.53391
0.223671
-0.0776184
-0.368774
-0.648393
-0.914881
-1.1665
-1.40145
-1.618
-1.81463
-1.99014
-2.14365
-2.27437
-2.38103
-2.46108
-2.50983
-2.52018
-2.48367
-2.39352
-2.2483
-2.05372
-1.82084
-1.56216
-1.28842
-1.00756
-0.724925
-0.444162
-0.167875
0.101849
0.363156
0.614263
0.853391
2.23857
2.21437
2.22414
2.26699
2.34199
2.44793
2.58324
2.74555
2.93142
3.13583
3.35177
3.56999
3.77904
3.96572
4.11598
4.21604
4.25348
4.21833
4.10423
3.90972
3.6395
3.30508
2.92446
2.5204
2.11745
1.73823
1.39971
1.11037
0.869379
0.668347
0.4949
0.33651
0.183043
0.027652
-0.133495
-0.301974
-0.477884
-0.66042
-0.848187
-1.03924
-1.23092
-1.41957
-1.60023
-1.76669
-1.912
-2.02964
-2.11516
-2.16764
-2.19028
-2.18964
-2.17377
-2.14991
-2.12217
-2.0897
-2.04497
-1.97313
-1.85403
-1.66934
-1.41264
-1.09406
-0.734273
-0.354515
0.0287639
0.404075
0.763167
1.09954
1.40764
1.68263
1.92038
2.11764
2.27223
2.38325
2.45107
2.47728
2.46431
2.41499
2.33201
2.21769
2.07393
1.9025
1.70556
1.48601
1.24756
0.9945
0.731245
0.461951
0.190294
-0.080548
-0.347763
-0.60872
-0.860782
-1.10115
-1.32679
-1.53432
-1.72013
-1.88039
-2.01122
-2.10897
-2.17056
3.92883
3.65842
3.40984
3.17949
2.96074
2.74743
2.53579
2.32467
2.11503
1.90912
1.70978
1.51994
1.34234
1.17937
1.03296
0.904468
0.79457
0.703003
0.628288
0.56734
0.515049
0.463938
0.404154
0.32413
0.21224
0.059381
-0.138281
-0.377764
-0.650083
-0.9433
-1.2463
-1.55155
-1.85589
-2.15961
-2.46423
-2.76938
-3.06916
-3.34963
-3.59172
-3.78192
-3.92247
-4.02816
-4.11302
-4.18102
-4.22518
-4.23187
-4.18655
-4.07906
-3.90666
-3.67413
-3.39145
-3.07079
-2.72381
-2.36013
-1.98663
-1.60774
-1.22591
-0.842503
-0.458526
-0.0751696
0.305987
0.683141
1.05465
1.41939
1.77669
2.12558
2.46296
2.78063
3.06208
3.28311
3.4212
3.47086
3.44807
3.37709
3.2758
3.15158
3.00451
2.83195
2.63171
2.40359
2.14958
1.87332
1.57922
1.27179
0.95518
0.632948
0.308112
-0.0167694
-0.33948
-0.658067
-0.970794
-1.27605
-1.57208
-1.85637
-2.12447
-2.36828
-2.57449
-2.72518
-2.80321
2.32696
1.82775
1.37745
0.980317
0.636295
0.3417
0.0903301
-0.125427
-0.313618
-0.481936
-0.637124
-0.784578
-0.928208
-1.07055
-1.21317
-1.35719
-1.50384
-1.65497
-1.81323
-1.98206
-2.16521
-2.36578
-2.5847
-2.81869
-3.05904
-3.29311
-3.50981
-3.70649
-3.89155
-4.07867
-4.27228
-4.44426
-4.51012
-4.3596
-3.98217
-3.4931
-2.99524
-2.52573
-2.08745
-1.67502
-1.28383
-0.911391
-0.556451
-0.217915
0.105681
0.41613
0.715193
1.00416
1.28346
1.55241
1.80904
2.05003
2.2708
2.46565
2.62827
2.7523
2.83229
2.86461
2.84833
2.78563
2.6816
2.54345
2.37921
2.19651
2.00159
1.79884
1.5908
1.37854
1.16207
0.940838
0.714188
0.481651
0.243174
-0.000766378
-0.24911
-0.500196
-0.75174
-1.00081
-1.24383
-1.47658
-1.69433
-1.89197
-2.06427
-2.2062
-2.31324
-2.38174
-2.40924
-2.39468
-2.33856
-2.24293
-2.11118
-1.94778
-1.75783
-1.54664
-1.31938
-1.08084
-0.83525
-0.586306
-0.337177
-2.31255
-2.44943
-2.63396
-2.86292
-3.13202
-3.4352
-3.76388
-4.10638
-4.44753
-4.76845
-5.04683
-5.25793
-5.37742
-5.38658
-5.27814
-5.05869
-4.74569
-4.36163
-3.92952
-3.47069
-3.00379
-2.54404
-2.10271
-1.68696
-1.30003
-0.941942
-0.610369
-0.301627
-0.0115166
0.263985
0.528297
0.78407
1.03326
1.2774
1.51786
1.75609
1.99352
2.23117
2.46887
2.70415
2.93107
3.13943
3.31502
3.44169
3.50501
3.49656
3.41678
3.27511
3.0871
2.86998
2.63852
2.40271
2.16727
1.93252
1.69578
1.45288
1.1995
0.93236
0.649927
0.352509
0.041891
-0.279228
-0.607613
-0.939583
-1.27088
-1.59652
-1.91065
-2.20668
-2.47742
-2.71548
-2.9136
-3.06506
-3.16406
-3.20613
-3.18866
-3.11157
-2.97779
-2.79329
-2.56639
-2.3065
-2.02287
-1.72366
-1.41559
-1.10382
-0.792164
-0.483365
-0.179392
0.118267
0.408308
0.689337
0.959609
1.21682
1.45796
1.67932
1.87669
2.04566
2.18217
2.28293
2.34576
1.37024
1.24642
1.1269
1.01127
0.901144
0.801159
0.719672
0.668699
0.662319
0.713174
0.827908
1.00397
1.23018
1.49117
1.7728
2.06586
2.36652
2.6743
2.98823
3.30151
3.5967
3.84724
4.03236
4.15473
4.23701
4.30049
4.3515
4.38159
4.37427
4.31279
4.18649
3.9939
3.74208
3.44346
3.11209
2.76085
2.39986
2.03606
1.67345
1.31367
0.956775
0.602005
0.248517
-0.10412
-0.455687
-0.8054
-1.15225
-1.49544
-1.83461
-2.16965
-2.49965
-2.82073
-3.12247
-3.38451
-3.5783
-3.68013
-3.68849
-3.62474
-3.51522
-3.37668
-3.21477
-3.02886
-2.81685
-2.57788
-2.31329
-2.02632
-1.7213
-1.40283
-1.07525
-0.742295
-0.407111
-0.0723075
0.259923
0.587712
0.909452
1.2237
1.52895
1.82305
2.10222
2.35946
2.58292
2.75596
2.86129
2.88932
2.84448
2.7425
2.60127
2.43411
2.24848
2.04774
1.8333
1.60611
1.3674
1.11887
0.862595
0.600895
0.336127
0.0705903
-0.193547
2.97086
3.15587
3.36253
3.58798
3.83076
4.09014
4.36295
4.63582
4.8731
5.01302
5.00103
4.84495
4.60464
4.33064
4.04205
3.73972
3.4206
3.08412
2.7332
2.37284
2.00852
1.64493
1.2855
0.932338
0.586453
0.248085
-0.0830313
-0.407447
-0.725864
-1.03905
-1.34778
-1.65276
-1.95445
-2.25273
-2.54614
-2.8306
-3.09751
-3.33205
-3.51392
-3.62349
-3.65179
-3.60529
-3.49972
-3.35006
-3.16559
-2.95068
-2.70746
-2.43791
-2.14494
-1.8324
-1.50478
-1.16671
-0.822597
-0.476414
-0.131588
0.208999
0.542919
0.867978
1.18182
1.48128
1.76154
2.01531
2.23266
2.40263
2.51676
2.57291
2.57619
2.53601
2.46175
2.3602
2.23514
2.08834
1.92068
1.73301
1.52669
1.30362
1.06624
0.817314
0.559749
0.296476
0.0303617
-0.23582
-0.49934
-0.757386
-1.0068
-1.24363
-1.46259
-1.65647
-1.8161
-1.93153
-1.9948
-2.00326
-1.96108
-1.87755
-1.76339
-1.62784
-1.4775
-1.31652
-1.14744
-1.80244
-1.61167
-1.45393
-1.32555
-1.22321
-1.14402
-1.08555
-1.04588
-1.02356
-1.01757
-1.02727
-1.0524
-1.09301
-1.1494
-1.22215
-1.31201
-1.41985
-1.54661
-1.69318
-1.86024
-2.04811
-2.25649
-2.48418
-2.72868
-2.98578
-3.24908
-3.50963
-3.7557
-3.97316
-4.14656
-4.26103
-4.30461
-4.27012
-4.15593
-3.9657
-3.70762
-3.3935
-3.0377
-2.6559
-2.26355
-1.87438
-1.4992
-1.14526
-0.816157
-0.512338
-0.231896
0.0284709
0.272576
0.504078
0.726088
0.941012
1.15053
1.35563
1.55649
1.7524
1.94142
2.12014
2.28348
2.42478
2.53629
2.61019
2.63981
2.62087
2.55227
2.43619
2.27756
2.08309
1.86026
1.61639
1.358
1.09059
0.818558
0.545368
0.273785
0.00610257
-0.255641
-0.509479
-0.753384
-0.98516
-1.20238
-1.40235
-1.58213
-1.7386
-1.86858
-1.96896
-2.03695
-2.07028
-2.0673
-2.02717
-1.94983
-1.83593
-1.68676
-1.50412
-1.29027
-1.04799
-0.780656
-0.492411
-0.188294
0.125658
-4.08575
-4.08252
-3.9821
-3.78377
-3.48444
-3.08091
-2.57316
-1.96915
-1.28935
-0.568199
0.148177
0.802273
1.3191
1.6123
1.642
1.47382
1.22403
0.974991
0.763579
0.601476
0.489828
0.425576
0.403856
0.419061
0.465543
0.538163
0.632661
0.745731
0.874745
1.01708
1.16887
1.32296
1.46556
1.57232
1.60736
1.53342
1.33509
1.03364
0.672385
0.291703
-0.081264
-0.430498
-0.746618
-1.02396
-1.25914
-1.45041
-1.59726
-1.70017
-1.7605
-1.78033
-1.76247
-1.71033
-1.6278
-1.51912
-1.38867
-1.24081
-1.07969
-0.909189
-0.732875
-0.553981
-0.375451
-0.199982
-0.0300664
0.131977
0.283984
0.423954
0.550078
0.660788
0.754838
0.831393
0.890132
0.93135
0.956026
0.965847
0.963156
0.950792
0.931825
0.909203
0.885353
0.861838
0.83915
0.816707
0.793055
0.766213
0.73407
0.69473
0.646767
0.589356
0.522307
0.44602
0.361403
0.269769
0.17273
0.072104
-0.0301598
-0.13205
-0.23154
-0.326633
-0.415393
1.35977
1.10076
0.847148
0.59574
0.344636
0.0929426
-0.159554
-0.412686
-0.666096
-0.919295
-1.17161
-1.42201
-1.66894
-1.91011
-2.1423
-2.36132
-2.56198
-2.7383
-2.88388
-2.9924
-3.05836
-3.07777
-3.04892
-2.97285
-2.85358
-2.69782
-2.51428
-2.31247
-2.10145
-1.88857
-1.67869
-1.47403
-1.27451
-1.07857
-0.884003
-0.688704
-0.491125
-0.290462
-0.0866533
0.119738
0.327679
0.535808
0.742531
0.946061
1.1444
1.33525
1.51593
1.68327
1.83358
1.96277
2.06649
2.14063
2.18166
2.18717
2.15616
2.08918
1.98821
1.85644
1.69785
1.5168
1.31769
1.10467
0.881497
0.651425
0.417214
0.181187
-0.0546952
-0.288748
-0.519516
-0.745759
-0.9665
-1.18105
-1.38899
-1.58982
-1.78231
-1.96311
-2.1246
-2.25269
-2.32631
-2.32284
-2.23012
-2.05629
-1.82548
-1.56417
-1.29184
-1.01986
-0.754033
-0.497206
-0.250939
-0.0163314
0.205616
0.413873
0.607371
0.785042
0.945898
1.08912
1.21417
1.32086
1.40935
2.44307
2.69795
2.89213
3.00341
3.02643
2.96687
2.83665
2.65023
2.42212
2.16542
1.89107
1.60773
1.3219
1.0382
0.759705
0.488169
0.224239
-0.0324332
-0.283112
-0.529907
-0.775626
-1.02347
-1.27647
-1.53664
-1.80403
-2.07617
-2.34859
-2.61667
-2.87818
-3.13456
-3.38907
-3.64023
-3.86905
-4.02339
-4.02436
-3.83067
-3.49478
-3.10528
-2.71561
-2.34207
-1.98454
-1.63911
-1.30264
-0.973614
-0.651775
-0.33748
-0.0313067
0.266107
0.553995
0.831302
1.09649
1.34737
1.5811
1.79417
1.98277
2.1431
2.27211
2.36804
2.43106
2.46336
2.46879
2.45201
2.41705
2.36595
2.29746
2.20644
2.08458
1.92292
1.71592
1.46479
1.17756
0.865779
0.540774
0.211713
-0.114573
-0.432905
-0.739027
-1.02911
-1.29954
-1.54683
-1.76774
-1.95937
-2.11927
-2.24547
-2.33643
-2.3909
-2.40768
-2.38563
-2.32388
-2.22234
-2.08244
-1.90749
-1.70261
-1.474
-1.22808
-0.970713
-0.706861
-0.440545
-0.174995
2.66558
3.12609
3.61522
4.08828
4.50452
4.83122
5.04639
5.13971
5.11161
4.9713
4.73488
4.42379
4.06256
3.67538
3.28278
2.89988
2.53639
2.1976
1.88561
1.60034
1.34035
1.1034
0.886793
0.687617
0.502927
0.329823
0.165499
0.00727341
-0.147413
-0.300997
-0.455795
-0.614014
-0.777734
-0.948897
-1.12926
-1.32032
-1.5232
-1.73853
-1.96616
-2.20492
-2.45224
-2.70383
-2.95332
-3.19224
-3.41029
-3.5962
-3.73878
-3.82809
-3.85612
-3.81726
-3.70861
-3.53042
-3.28669
-2.98552
-2.63898
-2.26224
-1.87222
-1.4858
-1.11806
-0.780693
-0.480811
-0.220369
0.00355637
0.197503
0.369692
0.52812
0.679274
0.827608
0.975576
1.12391
1.27188
1.41753
1.55776
1.68844
1.80452
1.90045
1.97059
2.00991
2.01465
1.98284
1.91452
1.81165
1.67775
1.51731
1.33532
1.13675
0.92624
0.707972
0.485586
0.26225
0.040756
-0.176372
-0.386763
-0.588114
-0.778116
-0.954421
-1.11463
-1.25631
-1.37706
-1.2997
-1.22124
-1.07982
-0.880566
-0.627744
-0.326186
0.017288
0.3932
0.789718
1.19295
1.58499
1.93759
2.20347
2.32071
2.25215
2.02902
1.72641
1.40654
1.10114
0.82178
0.570811
0.347058
0.148107
-0.0287674
-0.186176
-0.326364
-0.451077
-0.561514
-0.658368
-0.741916
-0.812134
-0.868824
-0.911725
-0.94061
-0.95536
-0.956018
-0.942821
-0.916209
-0.876824
-0.825479
-0.76313
-0.690826
-0.609659
-0.52071
-0.424993
-0.323405
-0.216683
-0.105372
0.0101853
0.129841
0.253594
0.381502
0.513541
0.649386
0.788074
0.927502
1.06367
1.18968
1.29474
1.36409
1.38125
1.33379
1.2199
1.05039
0.843655
0.618445
0.389514
0.166902
-0.0430387
-0.236407
-0.410835
-0.56493
-0.697955
-0.809664
-0.900217
-0.970133
-1.02027
-1.05177
-1.06607
-1.06478
-1.0496
-1.02223
-0.984239
-0.936943
-0.881318
-0.81793
-0.746922
-0.668055
-0.580824
-0.484642
-0.379073
-0.264077
-0.140213
-0.00875004
0.128341
0.268494
0.40873
0.545849
0.676626
-1.97996
-2.14397
-2.27801
-2.37957
-2.44618
-2.47593
-2.46779
-2.42193
-2.3397
-2.22366
-2.07728
-1.90466
-1.71023
-1.49839
-1.27325
-1.03853
-0.797391
-0.552461
-0.305887
-0.0594285
0.185416
0.427303
0.664984
0.897339
1.12349
1.34292
1.55551
1.76117
1.95895
2.1451
2.31021
2.43601
2.49538
2.46144
2.32508
2.10429
1.83209
1.53801
1.24053
0.948946
0.667402
0.397728
0.140946
-0.102097
-0.330494
-0.543218
-0.739148
-0.917121
-1.07603
-1.21494
-1.33324
-1.43075
-1.50781
-1.56524
-1.60429
-1.62629
-1.63238
-1.62305
-1.59781
-1.55488
-1.49135
-1.40363
-1.28852
-1.14443
-0.972314
-0.775816
-0.560555
-0.332991
-0.0994712
0.1343
0.363398
0.583602
0.791263
0.983187
1.15657
1.30897
1.43829
1.54279
1.62103
1.6719
1.69463
1.68876
1.65427
1.59168
1.50221
1.3878
1.25111
1.09537
0.924167
0.74118
0.550001
0.354008
0.156316
-0.0402074
-0.232892
-0.419205
-0.596685
-0.762905
-0.915443
1.70073
1.91935
2.13467
2.33903
2.5229
2.67779
2.79991
2.89255
2.96503
3.02831
3.08863
3.14003
3.15675
3.09176
2.8974
2.56663
2.14327
1.68235
1.21909
0.769234
0.338756
-0.0696457
-0.454016
-0.812499
-1.14328
-1.44456
-1.71438
-1.95052
-2.15046
-2.31157
-2.43155
-2.50897
-2.54379
-2.53774
-2.49426
-2.41807
-2.31452
-2.18871
-2.04481
-1.88568
-1.71276
-1.52644
-1.32647
-1.11262
-0.885177
-0.645249
-0.394792
-0.13644
0.126741
0.391438
0.654166
0.911266
1.15886
1.39284
1.60888
1.80256
1.96948
2.10549
2.20685
2.27057
2.29457
2.278
2.22137
2.12662
1.99703
1.83692
1.65123
1.44512
1.2236
0.991307
0.752357
0.51035
0.26843
0.029385
-0.204223
-0.42993
-0.645258
-0.84764
-1.0344
-1.20278
-1.35006
-1.47373
-1.57164
-1.64214
-1.68424
-1.69758
-1.6824
-1.63953
-1.57027
-1.47638
-1.36009
-1.22397
-1.071
-0.904464
-0.727896
-0.545021
-0.359673
-0.175737
0.00293514
1.00665
0.862035
0.744856
0.649698
0.571239
0.504806
0.446652
0.393999
0.344943
0.298293
0.253404
0.21002
0.168151
0.12797
0.0897387
0.0537532
0.0202949
-0.010409
-0.0382247
-0.0631536
-0.0853775
-0.105307
-0.12363
-0.14135
-0.159818
-0.180725
-0.206068
-0.238052
-0.278956
-0.330938
-0.395833
-0.474969
-0.569055
-0.678159
-0.801817
-0.939219
-1.08945
-1.25171
-1.4255
-1.61073
-1.8077
-2.01705
-2.23964
-2.4763
-2.7275
-2.99266
-3.26887
-3.54884
-3.81822
-4.05437
-4.23064
-4.32783
-4.34397
-4.29075
-4.18132
-4.02269
-3.81634
-3.56216
-3.26171
-2.91942
-2.54232
-2.139
-1.71855
-1.28974
-0.860473
-0.437388
-0.0256996
0.37073
0.748941
1.10604
1.43815
1.73955
2.00297
2.22168
2.39268
2.51877
2.60717
2.66583
2.70022
2.7121
2.70001
2.66062
2.59027
2.48626
2.34757
2.17511
1.97144
1.74026
1.48581
1.2124
0.924137
0.624777
0.317783
0.00637943
-0.306382
-0.617575
-0.9243
-1.2234
-1.51081
-0.792435
-0.468282
-0.151662
0.159412
0.466801
0.77201
1.07601
1.37906
1.68061
1.97913
2.27198
2.55526
2.82359
3.06976
3.28451
3.45655
3.5736
3.62485
3.60423
3.51258
3.35694
3.14772
2.89575
2.61079
2.30123
1.97435
1.63654
1.29335
0.94951
0.608886
0.27452
-0.0512142
-0.366368
-0.669079
-0.957194
-1.22793
-1.47773
-1.70239
-1.89764
-2.05998
-2.18739
-2.27951
-2.33715
-2.36156
-2.35368
-2.31395
-2.24238
-2.139
-2.00423
-1.83922
-1.64599
-1.42743
-1.18715
-0.929329
-0.658563
-0.379691
-0.0977504
0.182005
0.453943
0.711791
0.948378
1.1557
1.32571
1.4521
1.53242
1.56923
1.5692
1.54072
1.49146
1.42709
1.35113
1.26536
1.17049
1.06669
0.954013
0.83264
0.702972
0.565672
0.421636
0.271943
0.117807
-0.0394686
-0.198494
-0.357776
-0.515641
-0.670107
-0.818669
-0.95803
-1.08379
-1.19029
-1.27078
-1.31831
-1.32734
-1.29566
-1.22544
-1.12271
-0.995558
-0.852152
-0.699442
1.94033
1.47897
1.00139
0.520376
0.0483592
-0.402826
-0.821283
-1.19383
-1.50585
-1.74471
-1.90695
-2.00294
-2.05288
-2.07727
-2.09024
-2.09825
-2.10169
-2.09712
-2.07927
-2.04251
-1.98218
-1.89533
-1.78109
-1.64057
-1.47646
-1.29243
-1.09265
-0.881307
-0.662372
-0.439469
-0.215856
0.00551472
0.221919
0.43077
0.629558
0.815844
0.987315
1.14193
1.27812
1.39508
1.4929
1.57275
1.63673
1.68746
1.72753
1.75859
1.78037
1.78956
1.779
1.73775
1.6532
1.51561
1.32321
1.08376
0.811283
0.520786
0.22485
-0.0671574
-0.348463
-0.614025
-0.859895
-1.08287
-1.28035
-1.4503
-1.59132
-1.70261
-1.784
-1.83587
-1.85896
-1.85423
-1.82262
-1.76491
-1.68175
-1.57381
-1.44205
-1.28799
-1.1139
-0.922821
-0.718295
-0.50413
-0.284105
-0.0618102
0.159421
0.376484
0.58644
0.786441
0.973679
1.14535
1.29867
1.4309
1.53945
1.62197
1.67651
1.7017
1.69693
1.66245
1.59943
1.50987
1.39649
2.27074
2.58135
2.88236
3.163
3.40412
3.58064
3.6725
3.67782
3.61304
3.49949
3.35185
3.17619
2.97352
2.74347
2.48663
2.20522
1.90288
1.58403
1.25323
0.914793
0.572517
0.229678
-0.110964
-0.447099
-0.776775
-1.09821
-1.40943
-1.70757
-1.98781
-2.2421
-2.45844
-2.62235
-2.72164
-2.75262
-2.72236
-2.64429
-2.53162
-2.39352
-2.2349
-2.05793
-1.86363
-1.65295
-1.42728
-1.18854
-0.939091
-0.681525
-0.418495
-0.152596
0.113705
0.378081
0.638308
0.892154
1.13715
1.3702
1.58699
1.78128
1.94443
2.066
2.13593
2.14842
2.10488
2.01356
1.88603
1.73325
1.56349
1.38221
1.19279
0.997412
0.797673
0.594992
0.390769
0.186451
-0.0164738
-0.216499
-0.412117
-0.601819
-0.784056
-0.957151
-1.11913
-1.26752
-1.39901
-1.50928
-1.59298
-1.64426
-1.65791
-1.63095
-1.5639
-1.46094
-1.32867
-1.17451
-1.00527
-0.826553
-0.642643
-0.456796
-0.27152
-0.0888448
0.089502
0.261973
0.427128
-3.11319
-3.28343
-3.41316
-3.49176
-3.50872
-3.45478
-3.32298
-3.10986
-2.81655
-2.44979
-2.02273
-1.55526
-1.07359
-0.609247
-0.197283
0.128058
0.342982
0.446607
0.463926
0.432759
0.38701
0.349004
0.330214
0.334689
0.362047
0.409429
0.472647
0.546849
0.626927
0.707828
0.784828
0.853842
0.911736
0.956619
0.988024
1.00691
1.01549
1.01681
1.01429
1.01116
1.00989
1.01162
1.0156
1.01842
1.01343
0.990372
0.936294
0.838442
0.688967
0.488887
0.24817
-0.0180967
-0.294269
-0.566845
-0.825166
-1.06114
-1.26875
-1.44372
-1.58331
-1.68611
-1.752
-1.7819
-1.77768
-1.74185
-1.67734
-1.58729
-1.47486
-1.34311
-1.19494
-1.03312
-0.860286
-0.678961
-0.491586
-0.300528
-0.108081
0.0835188
0.272078
0.455417
0.631347
0.797649
0.952074
1.09236
1.21627
1.32169
1.40669
1.46965
1.50938
1.52518
1.51692
1.48507
1.43069
1.35534
1.26106
1.15017
1.02524
0.888909
0.743858
0.592692
0.437914
3.09099
3.10989
3.17027
3.26796
3.39757
3.55227
3.72359
3.90131
4.07334
4.22571
4.34275
4.4075
4.40279
4.31315
4.12742
3.84187
3.46311
3.0102
2.51485
2.01908
1.56945
1.20736
0.956368
0.812697
0.748047
0.724549
0.709552
0.68177
0.630421
0.551979
0.447105
0.318445
0.169221
0.00239848
-0.179726
-0.375602
-0.584205
-0.80457
-1.03522
-1.27379
-1.51718
-1.76237
-2.0074
-2.25156
-2.49357
-2.72664
-2.92973
-3.05825
-3.05089
-2.87316
-2.5582
-2.17639
-1.78137
-1.39802
-1.03428
-0.691569
-0.369567
-0.0677753
0.214129
0.476252
0.718445
0.940224
1.14069
1.31851
1.47199
1.59927
1.69849
1.76815
1.80738
1.81618
1.79555
1.74758
1.67525
1.58219
1.47241
1.34991
1.21841
1.08119
0.940939
0.799742
0.659082
0.519868
0.382476
0.246796
0.112302
-0.021836
-0.156591
-0.292848
-0.431141
-0.571385
-0.712674
-0.853193
-0.99026
-1.12051
-1.24017
-1.34536
-1.43242
-1.49818
-1.54015
2.08711
1.58447
1.09334
0.629324
0.204617
-0.174494
-0.507664
-0.798876
-1.05434
-1.28073
-1.48406
-1.66933
-1.8409
-2.00324
-2.16155
-2.32174
-2.48994
-2.67158
-2.87022
-3.08577
-3.31225
-3.53572
-3.73452
-3.88424
-3.96768
-3.9842
-3.9513
-3.89578
-3.83977
-3.78784
-3.71737
-3.5771
-3.31149
-2.91134
-2.42574
-1.91275
-1.40509
-0.914246
-0.442926
0.00801195
0.437403
0.843753
1.2257
1.58217
1.91216
2.21413
2.48552
2.72247
2.91997
3.07258
3.17542
3.22548
3.22266
3.17027
3.07459
2.94363
2.78537
2.60625
2.41025
2.19881
1.97158
1.72754
1.46623
1.18856
0.896902
0.594568
0.285133
-0.0280702
-0.342068
-0.654083
-0.961262
-1.2604
-1.54779
-1.81912
-2.06952
-2.29371
-2.48611
-2.64116
-2.75354
-2.81862
-2.83301
-2.79525
-2.7063
-2.56976
-2.39143
-2.17848
-1.93849
-1.67866
-1.40534
-1.12387
-0.838604
-0.553026
-0.269958
0.00824323
0.279467
0.541634
0.792494
1.02947
1.24956
3.49638
3.39479
3.23232
3.02141
2.77339
2.49723
2.19984
1.88684
1.56315
1.23313
0.900673
0.569109
0.241226
-0.0806823
-0.39466
-0.698843
-0.991122
-1.26873
-1.52784
-1.76337
-1.96919
-2.13899
-2.26775
-2.35311
-2.39572
-2.39853
-2.3653
-2.29944
-2.20354
-2.07943
-1.9287
-1.75303
-1.55455
-1.33589
-1.10015
-0.850827
-0.591623
-0.326377
-0.0589916
0.206539
0.466009
0.714779
0.947482
1.15783
1.33879
1.48342
1.58646
1.64608
1.6646
1.64767
1.6023
1.53497
1.45067
1.35271
1.2431
1.12306
0.993382
0.854811
0.708169
0.554444
0.3948
0.230558
0.063166
-0.105819
-0.274718
-0.441688
-0.604622
-0.760992
-0.907649
-1.0406
-1.15487
-1.24472
-1.30424
-1.32858
-1.31544
-1.26595
-1.18454
-1.07769
-0.952342
-0.814769
-0.67001
-0.521861
-0.373112
-0.225817
-0.081544
0.0584546
0.193126
0.321542
0.442848
0.556222
0.660822
0.755734
0.839894
0.912024
0.970564
1.01366
1.03926
1.04529
1.02998
-2.04823
-2.25216
-2.47027
-2.69874
-2.93277
-3.16673
-3.39434
-3.60855
-3.80114
-3.96227
-4.0803
-4.1423
-4.13539
-4.04861
-3.87467
-3.61113
-3.26085
-2.83212
-2.33869
-1.79952
-1.23806
-0.680768
-0.155632
0.308638
0.684412
0.951774
1.10983
1.18144
1.20225
1.20439
1.20854
1.22452
1.25474
1.29706
1.34658
1.39683
1.44066
1.47128
1.48321
1.47324
1.4408
1.38793
1.31861
1.23785
1.15084
1.06216
0.975347
0.892608
0.814604
0.740272
0.666618
0.588583
0.499217
0.390493
0.254973
0.0880376
-0.110272
-0.334862
-0.576804
-0.825312
-1.06948
-1.29933
-1.50636
-1.68368
-1.82618
-1.93044
-1.99474
-2.01889
-2.00402
-1.95229
-1.86667
-1.75064
-1.60801
-1.44273
-1.2588
-1.06016
-0.850558
-0.63355
-0.412409
-0.19014
0.0304881
0.246889
0.456585
0.657138
0.846098
1.02097
1.17924
1.31841
1.4361
1.53018
1.59888
1.64097
1.6558
1.64347
1.60477
1.5412
1.45487
1.34843
1.22488
0.523934
0.699452
0.85851
0.999522
1.12126
1.2228
1.3035
1.36289
1.40065
1.41649
1.41017
1.38147
1.33035
1.25706
1.16235
1.04762
0.914942
0.766992
0.606856
0.437823
0.263194
0.0861512
-0.0903078
-0.263381
-0.430445
-0.589023
-0.736762
-0.871418
-0.990859
-1.09309
-1.17629
-1.2389
-1.27968
-1.29782
-1.29304
-1.26563
-1.21644
-1.14694
-1.05902
-0.954952
-0.837237
-0.708486
-0.571333
-0.428364
-0.282086
-0.134908
0.0108566
0.152985
0.289335
0.417844
0.536537
0.643556
0.737199
0.815979
0.878685
0.924444
0.95277
0.963577
0.957179
0.934253
0.895786
0.843019
0.777387
0.700471
0.613961
0.519628
0.419302
0.314859
0.20821
0.101286
-0.00397602
-0.105655
-0.201877
-0.290852
-0.370936
-0.440688
-0.498942
-0.544861
-0.577977
-0.598202
-0.605803
-0.601351
-0.585648
-0.559656
-0.524429
-0.481063
-0.430665
-0.374335
-0.313168
-0.248259
-0.180713
-0.111658
-0.0422599
0.0262792
0.0927141
0.155767
0.214148
0.266585
0.311872
-0.495283
-0.26398
-0.0688273
0.103649
0.26488
0.423099
0.58346
0.748743
0.920066
1.09735
1.27942
1.46383
1.64654
1.82163
1.98163
2.11864
2.22635
2.30224
2.34876
2.37273
2.38293
2.38691
2.38767
2.38057
2.35066
2.27244
2.11707
1.86858
1.53653
1.14941
0.737054
0.320723
-0.0866619
-0.477057
-0.844651
-1.18458
-1.49248
-1.76442
-1.99699
-2.18747
-2.33405
-2.43612
-2.49444
-2.51115
-2.48949
-2.43328
-2.3463
-2.23169
-2.09176
-1.92796
-1.74138
-1.53333
-1.30578
-1.06162
-0.804426
-0.538094
-0.266438
0.00702277
0.27909
0.546779
0.807155
1.05718
1.29359
1.51287
1.71126
1.88481
2.02954
2.14164
2.21771
2.25515
2.25249
2.20968
2.12825
2.01117
1.8626
1.68738
1.49061
1.27728
1.05205
0.819096
0.582129
0.344428
0.108926
-0.121682
-0.344819
-0.557928
-0.758398
-0.943535
-1.11061
-1.25695
-1.38016
-1.47824
-1.54978
-1.59404
-1.6109
-1.60084
-1.56474
-1.50388
-1.41983
-1.53159
-1.33832
-1.12824
-0.905966
-0.675652
-0.441056
-0.205551
0.0277948
0.256133
0.476746
0.686967
0.884121
1.06551
1.22839
1.37008
1.48799
1.57975
1.64337
1.67737
1.68096
1.65417
1.59801
1.5145
1.40672
1.27869
1.13524
0.981749
0.823786
0.666724
0.515307
0.373257
0.242974
0.125425
0.0202518
-0.0739019
-0.158945
-0.236883
-0.309451
-0.377884
-0.442827
-0.504344
-0.561995
-0.61494
-0.662049
-0.702016
-0.733457
-0.754998
-0.765351
-0.763384
-0.748181
-0.719087
-0.675754
-0.618181
-0.546749
-0.462267
-0.366012
-0.259789
-0.145992
-0.0276765
0.0913779
0.206653
0.312983
0.404847
0.476951
0.525073
0.546972
0.542978
0.51594
0.470507
0.41208
0.345865
0.276264
0.206648
0.139383
0.0759768
0.0172731
-0.0363756
-0.084962
-0.128709
-0.167982
-0.203218
-0.234873
-0.263366
-0.289032
-0.312074
-0.332513
-0.35014
-0.364476
-0.374752
-0.379912
-0.37867
-0.369613
-0.351375
-0.322846
-0.283398
-0.233064
-0.172623
-0.103569
-0.0279671
-1.39629
-0.928606
-0.522888
-0.203315
0.0205153
0.158268
0.234874
0.27949
0.315989
0.359622
0.418105
0.493968
0.586552
0.693312
0.810523
0.933639
1.0575
1.17658
1.28543
1.37935
1.4552
1.5121
1.55159
1.57731
1.59402
1.60631
1.61729
1.62721
1.63207
1.62221
1.58184
1.49135
1.33415
1.10571
0.817022
0.488745
0.142242
-0.205392
-0.541794
-0.858035
-1.14739
-1.40461
-1.62567
-1.80766
-1.94884
-2.04868
-2.10782
-2.12801
-2.11183
-2.06243
-1.98315
-1.8772
-1.74752
-1.59672
-1.42718
-1.24118
-1.04111
-0.829493
-0.609023
-0.382467
-0.1526
0.0778549
0.306225
0.529856
0.74605
0.952007
1.1448
1.32135
1.47853
1.61322
1.72247
1.80366
1.85476
1.87446
1.86234
1.81897
1.74585
1.64534
1.52046
1.37465
1.21161
1.03504
0.848559
0.655585
0.45929
0.262609
0.0682608
-0.121215
-0.303413
-0.476037
-0.636882
-0.783859
-0.915026
-1.02865
-1.12327
-1.19773
-1.25122
-1.28327
-1.29377
-0.750715
-0.47223
-0.199672
0.0655106
0.32174
0.567171
0.799619
1.01652
1.21496
1.39165
1.5431
1.6657
1.75594
1.81074
1.82783
1.80612
1.74622
1.65085
1.52516
1.37686
1.21597
1.05414
0.903276
0.773677
0.671866
0.599076
0.551165
0.520149
0.496597
0.4718
0.43906
0.394086
0.33481
0.26094
0.173482
0.0743062
-0.034185
-0.149298
-0.268216
-0.388098
-0.506147
-0.619645
-0.725978
-0.822656
-0.907339
-0.97787
-1.03231
-1.06899
-1.08652
-1.08386
-1.06032
-1.01554
-0.94954
-0.862668
-0.75563
-0.629495
-0.485743
-0.326334
-0.153817
0.028525
0.216445
0.404423
0.585274
0.749819
0.887034
0.985321
1.03533
1.0335
0.984033
0.897451
0.786787
0.663956
0.537986
0.414867
0.298161
0.189749
0.090437
0.000380256
-0.080643
-0.153067
-0.217447
-0.274407
-0.32462
-0.368798
-0.407672
-0.441981
-0.472431
-0.499646
-0.524092
-0.545988
-0.565197
-0.581111
-0.592555
-0.597725
-0.594231
-0.579269
-0.549982
-0.503987
-0.439952
0.82226
0.26646
-0.24277
-0.69439
-1.079
-1.3899
-1.62742
-1.80282
-1.936
-2.04807
-2.15492
-2.26507
-2.38015
-2.49595
-2.60339
-2.68995
-2.742
-2.74807
-2.70204
-2.60484
-2.46378
-2.29005
-2.09555
-1.89049
-1.68218
-1.47487
-1.27033
-1.06848
-0.868038
-0.666974
-0.46288
-0.2533
-0.0360703
0.19031
0.426317
0.671125
0.922454
1.17657
1.42845
1.67197
1.90033
2.10642
2.2833
2.42466
2.52529
2.58146
2.59111
2.55405
2.47189
2.34791
2.18675
1.99397
1.77555
1.53746
1.28525
1.02385
0.757427
0.489486
0.222929
-0.0397444
-0.296265
-0.54441
-0.781854
-1.00607
-1.21427
-1.40351
-1.5707
-1.71286
-1.82722
-1.91146
-1.96376
-1.98294
-1.96847
-1.92056
-1.84022
-1.72924
-1.5903
-1.42687
-1.24317
-1.04403
-0.834719
-0.620737
-0.407629
-0.200772
-0.00513742
0.174976
0.336252
0.476642
0.595531
0.693668
0.772847
0.835404
0.883702
0.919725
0.944864
0.959867
0.964912
0.959754
0.943887
-4.13727
-3.59751
-3.09271
-2.63373
-2.22723
-1.87571
-1.57813
-1.33081
-1.12842
-0.964921
-0.834189
-0.730574
-0.649196
-0.586102
-0.538317
-0.503816
-0.481454
-0.470873
-0.472406
-0.486971
-0.515964
-0.561145
-0.624505
-0.708132
-0.814059
-0.944101
-1.09969
-1.28172
-1.49039
-1.72514
-1.98455
-2.26636
-2.56742
-2.88362
-3.20962
-3.53852
-3.86155
-4.16811
-4.44672
-4.68686
-4.88134
-5.02722
-5.12308
-5.16156
-5.12185
-4.97435
-4.70622
-4.34267
-3.93078
-3.50882
-3.09647
-2.70083
-2.32342
-1.96384
-1.62108
-1.29386
-0.98061
-0.679512
-0.388507
-0.1054
0.172034
0.445939
0.718254
0.990596
1.26414
1.5395
1.81664
2.0948
2.37253
2.64768
2.91752
3.17867
3.4266
3.65436
3.85045
3.99685
4.07061
4.05248
3.939
3.74537
3.49513
3.20842
2.89818
2.57187
2.23429
1.88922
1.54007
1.18996
0.841595
0.497111
0.158103
-0.174344
-0.499522
-0.816923
-1.12599
-1.42579
-1.71452
-1.98891
-2.24355
-1.87708
-1.7984
-1.68727
-1.549
-1.38876
-1.21143
-1.02146
-0.82289
-0.619325
-0.41403
-0.209972
-0.00989136
0.183645
0.368199
0.541434
0.701112
0.845109
0.971462
1.07844
1.16462
1.22905
1.27128
1.29154
1.29078
1.27067
1.23358
1.1824
1.12036
1.05069
0.976352
0.899724
0.822413
0.745186
0.668057
0.590476
0.511599
0.430548
0.346629
0.259476
0.169122
0.0760038
-0.0190683
-0.114972
-0.210339
-0.303621
-0.393152
-0.477204
-0.554036
-0.621941
-0.679292
-0.72459
-0.756508
-0.773953
-0.776111
-0.762517
-0.733105
-0.688272
-0.628927
-0.556546
-0.473199
-0.38157
-0.284938
-0.187105
-0.0922448
-0.00463673
0.0717182
0.133577
0.178928
0.207305
0.219816
0.218847
0.207543
0.189245
0.167027
0.143413
0.120264
0.0987903
0.0796342
0.0629813
0.0486745
0.0363184
0.0253687
0.0152077
0.00520692
-0.00521838
-0.016562
-0.0291827
-0.0432627
-0.0587687
-0.0754169
-0.092646
-0.109604
-0.12516
-0.137946
-0.146443
-0.149119
-0.1446
-0.131862
-0.110409
-1.71288
-1.30431
-0.875533
-0.434184
0.0115231
0.453234
0.882616
1.29051
1.66472
1.98746
2.23613
2.39231
2.45567
2.44739
2.39686
2.327
2.24944
2.16696
2.07738
1.97665
1.86082
1.7272
1.57481
1.40431
1.21772
1.01789
0.808071
0.591594
0.371641
0.151165
-0.0671407
-0.280815
-0.487612
-0.685513
-0.872775
-1.04804
-1.21045
-1.35978
-1.49643
-1.62123
-1.73507
-1.83805
-1.92841
-2.00111
-2.04658
-2.05088
-1.99889
-1.88089
-1.69881
-1.46605
-1.20104
-0.920435
-0.636296
-0.356433
-0.0858121
0.172217
0.415157
0.640966
0.847892
1.03443
1.19936
1.34176
1.46112
1.55727
1.63039
1.68085
1.709
1.71494
1.69831
1.6582
1.59334
1.50247
1.38502
1.24165
1.07458
0.887473
0.684897
0.471752
0.252762
0.0322243
-0.186055
-0.3987
-0.602664
-0.795138
-0.973482
-1.13519
-1.27785
-1.3992
-1.4971
-1.56961
-1.6151
-1.63234
-1.62071
-1.58032
-1.51218
-1.41817
-1.30092
-1.16365
-1.00987
0.423654
0.318841
0.209554
0.0982402
-0.0128233
-0.121507
-0.225819
-0.323901
-0.414033
-0.494646
-0.564349
-0.621962
-0.666546
-0.697447
-0.714326
-0.717183
-0.706369
-0.682586
-0.646867
-0.600548
-0.545223
-0.482697
-0.414938
-0.344027
-0.272112
-0.201371
-0.133969
-0.0720201
-0.0175458
0.0275847
0.0617278
0.0835655
0.0922381
0.087514
0.0700017
0.0413997
0.00476348
-0.0352646
-0.0723832
-0.09892
-0.106719
-0.0887194
-0.0408881
0.0363382
0.137947
0.255687
0.380067
0.502103
0.614326
0.711142
0.788777
0.845052
0.879109
0.89114
0.882147
0.853733
0.807921
0.747001
0.673409
0.589625
0.498103
0.401211
0.301191
0.200136
0.0999604
0.00238932
-0.0910616
-0.179101
-0.260678
-0.334997
-0.401531
-0.460025
-0.510485
-0.553159
-0.58849
-0.617056
-0.639491
-0.656398
-0.668265
-0.675398
-0.677888
-0.675606
-0.668236
-0.655345
-0.636463
-0.611164
-0.579146
-0.540286
-0.494677
-0.442639
-0.384714
-0.321649
-0.254362
-0.183911
-0.111455
-0.0382165
0.034548
0.105585
0.173673
-1.4097
-1.4526
-1.47065
-1.46331
-1.43057
-1.37289
-1.29115
-1.18656
-1.06054
-0.914632
-0.750473
-0.569753
-0.374273
-0.166014
0.0527549
0.27934
0.510415
0.74165
0.967064
1.17803
1.36222
1.50351
1.58475
1.59427
1.53282
1.41424
1.25867
1.08467
0.905392
0.728724
0.558826
0.397656
0.24601
0.104143
-0.0279007
-0.150132
-0.262557
-0.365179
-0.458027
-0.541202
-0.614918
-0.679532
-0.735552
-0.783607
-0.824388
-0.858535
-0.886494
-0.908329
-0.923521
-0.930778
-0.927913
-0.911872
-0.879019
-0.825743
-0.749327
-0.648825
-0.525582
-0.383138
-0.226573
-0.0616383
0.105998
0.271213
0.429629
0.577634
0.712328
0.831449
0.933303
1.01669
1.08087
1.12546
1.15042
1.15596
1.14251
1.11068
1.06125
0.995172
0.913582
0.817835
0.709509
0.590398
0.462489
0.327909
0.18888
0.0476669
-0.0934682
-0.232294
-0.366632
-0.494376
-0.613505
-0.722106
-0.818399
-0.900773
-0.967829
-1.01843
-1.05173
-1.06724
-1.06487
-1.04487
-1.00793
1.28814
1.15982
1.05337
0.969749
0.909723
0.873707
0.861515
0.872094
0.903217
0.951211
1.01081
1.07529
1.13699
1.18836
1.22333
1.23859
1.23448
1.21489
1.18639
1.15692
1.13434
1.1254
1.13527
1.1674
1.22375
1.30509
1.41135
1.54192
1.69577
1.87161
2.06783
2.28242
2.51281
2.75556
3.00607
3.25815
3.50377
3.73292
3.93393
4.09434
4.20224
4.24805
4.22602
4.13526
3.97972
3.76738
3.5088
3.21546
2.89836
2.56693
2.22842
1.88769
1.54728
1.20774
0.868096
0.526502
0.181048
-0.169487
-0.525067
-0.88427
-1.24472
-1.60385
-1.95968
-2.31068
-2.65431
-2.98323
-3.27937
-3.50992
-3.63635
-3.64181
-3.54879
-3.39884
-3.22317
-3.03473
-2.83475
-2.62015
-2.38807
-2.13764
-1.87019
-1.58862
-1.29657
-0.997683
-0.695238
-0.391964
-0.0900813
0.208569
0.502371
0.789831
1.06954
1.34023
1.60081
1.85042
2.08809
2.31201
2.51803
2.69747
2.83514
2.91035
2.90426
0.953201
1.23326
1.50624
1.76978
2.02044
2.25359
2.46356
2.6438
2.78738
2.88773
2.93947
2.9393
2.88669
2.78413
2.63684
2.452
2.23771
2.00198
1.75187
1.4932
1.23044
0.96698
0.705403
0.44782
0.19612
-0.0478575
-0.282202
-0.504874
-0.713677
-0.906267
-1.08019
-1.23298
-1.36224
-1.46587
-1.54226
-1.59054
-1.61082
-1.6044
-1.57393
-1.52327
-1.45734
-1.3816
-1.30135
-1.22103
-1.14353
-1.06987
-0.999222
-0.929381
-0.85744
-0.780476
-0.696085
-0.602689
-0.499629
-0.387115
-0.266081
-0.138022
-0.00483085
0.131332
0.268147
0.403203
0.534054
0.658248
0.773352
0.876975
0.966798
1.04061
1.09635
1.13219
1.14658
1.13833
1.10672
1.05152
0.973101
0.872505
0.751497
0.61264
0.459367
0.296053
0.12809
-0.0380782
-0.195038
-0.33476
-0.449421
-0.532753
-0.581589
-0.59686
-0.583355
-0.54828
-0.499376
-0.443465
-0.385738
-0.32968
-0.277317
-0.229577
-0.186617
-0.148096
-0.11337
-0.0816374
-0.0520255
-0.484475
-0.763508
-1.02899
-1.2767
-1.50269
-1.70332
-1.87531
-2.01586
-2.12261
-2.19372
-2.22781
-2.22401
-2.18206
-2.10259
-1.98733
-1.83929
-1.66263
-1.46233
-1.24365
-1.0117
-0.771072
-0.52578
-0.279225
-0.0343353
0.206286
0.440199
0.664983
0.878119
1.0769
1.25841
1.41952
1.55704
1.66788
1.74935
1.79944
1.81709
1.80233
1.75626
1.68089
1.57894
1.45353
1.30805
1.14597
0.970768
0.785842
0.594513
0.399996
0.205399
0.0137451
-0.172015
-0.348988
-0.51435
-0.665391
-0.799623
-0.914914
-1.00965
-1.08285
-1.13423
-1.1641
-1.1733
-1.16293
-1.13427
-1.08862
-1.02726
-0.951478
-0.86256
-0.761873
-0.650894
-0.531243
-0.404713
-0.273285
-0.139141
-0.00467898
0.127488
0.254534
0.373454
0.481158
0.574632
0.651184
0.708748
0.746165
0.76336
0.76132
0.74189
0.70744
0.660518
0.603565
0.538754
0.467921
0.39258
0.313978
0.233158
0.151035
0.0684547
-0.0137557
-0.0947387
-0.173569
-0.249221
-0.320536
-3.92381
-3.66144
-3.38165
-3.09394
-2.80662
-2.52634
-2.25795
-2.00471
-1.76862
-1.55072
-1.35146
-1.17097
-1.00925
-0.866343
-0.742407
-0.637715
-0.552612
-0.487406
-0.442196
-0.416656
-0.409763
-0.419474
-0.442393
-0.473482
-0.505963
-0.531597
-0.541504
-0.527568
-0.484143
-0.409493
-0.306319
-0.181071
-0.0422724
0.10144
0.242902
0.377266
0.502139
0.617252
0.723936
0.824593
0.922256
1.02025
1.12198
1.23071
1.34952
1.48116
1.62794
1.79165
1.97331
2.17292
2.38909
2.61864
2.85631
3.09481
3.32531
3.5384
3.72499
3.87656
3.9848
4.04094
4.03575
3.96045
3.80828
3.57626
3.2664
2.88619
2.44845
1.97059
1.47335
0.979177
0.510665
0.0890911
-0.267406
-0.54722
-0.749721
-0.88698
-0.979484
-1.04844
-1.11011
-1.17426
-1.24512
-1.32283
-1.40476
-1.48632
-1.56163
-1.62412
-1.66733
-1.68574
-1.67554
-1.6352
-1.5656
-1.46965
-1.35176
-1.21709
-1.07088
-0.918055
-0.762905
-0.609071
-0.459559
4.05986
4.18515
4.35307
4.55447
4.77704
5.00438
5.21572
5.38717
5.49483
5.51884
5.44709
5.27687
5.01377
4.66859
4.25356
3.77939
3.2542
2.68482
2.07961
1.45122
0.817037
0.196401
-0.393442
-0.939462
-1.43092
-1.85468
-2.1933
-2.43386
-2.58396
-2.67419
-2.74046
-2.80737
-2.88434
-2.96844
-3.0478
-3.10506
-3.12179
-3.08394
-2.98626
-2.83355
-2.63806
-2.41488
-2.17767
-1.9363
-1.69649
-1.46047
-1.2282
-0.998312
-0.768861
-0.537797
-0.303246
-0.063692
0.18188
0.433841
0.691755
0.954223
1.21873
1.48156
1.73781
1.98151
2.20592
2.40388
2.56837
2.69299
2.77256
2.80353
2.7844
2.71585
2.60066
2.44351
2.25035
2.02785
1.78278
1.52146
1.24947
0.971509
0.691386
0.412161
0.136322
-0.134003
-0.396829
-0.650121
-0.89165
-1.11891
-1.32913
-1.51935
-1.68655
-1.82784
-1.94056
-2.02245
-2.07163
-2.08672
-2.06684
-2.01179
-1.92213
-1.79935
-1.64591
-1.46531
-1.26198
-0.599248
-0.752087
-0.900596
-1.04092
-1.16746
-1.27254
-1.34667
-1.38011
-1.3657
-1.30205
-1.19457
-1.0536
-0.890899
-0.716863
-0.539379
-0.363902
-0.194043
-0.0321643
0.120167
0.26189
0.392277
0.510843
0.617299
0.711522
0.79353
0.863442
0.921416
0.967566
1.00186
1.02399
1.0333
1.02872
1.00882
0.972008
0.916825
0.842363
0.748653
0.636892
0.509427
0.369504
0.220888
0.0674883
-0.0869231
-0.238878
-0.385281
-0.523419
-0.650937
-0.765819
-0.866352
-0.951109
-1.01893
-1.06891
-1.10039
-1.11297
-1.10652
-1.08122
-1.03757
-0.976439
-0.899062
-0.807021
-0.702201
-0.586716
-0.46283
-0.332879
-0.199203
-0.0641021
0.0701944
0.201543
0.327891
0.447283
0.557865
0.657899
0.745787
0.8201
0.879625
0.923407
0.950794
0.961475
0.955503
0.9333
0.89564
0.843611
0.778571
0.702086
0.615877
0.521766
0.421629
0.317361
0.210848
0.103945
-0.00154301
-0.103876
-0.201395
-0.292546
-0.375898
-0.450177
-0.514292
-0.567365
-0.608754
0.308881
0.42995
0.543064
0.64691
0.740151
0.821497
0.889764
0.943934
0.983205
1.00703
1.01516
1.00764
0.984844
0.947446
0.896398
0.8329
0.758351
0.674308
0.582433
0.48445
0.382101
0.277109
0.171142
0.0657743
-0.0375468
-0.137547
-0.233174
-0.323651
-0.40853
-0.487743
-0.561628
-0.630914
-0.696667
-0.760152
-0.822636
-0.885086
-0.94778
-1.00979
-1.06837
-1.11823
-1.15106
-1.15581
-1.12054
-1.03619
-0.900707
-0.720565
-0.508389
-0.278576
-0.043954
0.185484
0.40246
0.601815
0.779946
0.934418
1.06372
1.16714
1.24461
1.29671
1.32447
1.32936
1.3131
1.27752
1.22448
1.15571
1.07279
0.977073
0.869768
0.751962
0.624721
0.48918
0.346619
0.198519
0.0465823
-0.107269
-0.260921
-0.412105
-0.558446
-0.69751
-0.826863
-0.944133
-1.04708
-1.13366
-1.20211
-1.25103
-1.27942
-1.28676
-1.27299
-1.2386
-1.18451
-1.1121
-1.0231
-0.919547
-0.803649
-0.677745
-0.544216
-0.405433
-0.263719
-0.121321
0.0195966
-2.6293
-2.26894
-1.9076
-1.54967
-1.19783
-0.853328
-0.516361
-0.186517
0.136925
0.454771
0.767805
1.07674
1.38224
1.68491
1.98522
2.2833
2.5783
2.86721
3.14277
3.39107
3.59075
3.71812
3.75883
3.71688
3.60995
3.45665
3.26888
3.05197
2.80796
2.53838
2.24567
1.93337
1.6058
1.26747
0.922707
0.575402
0.228873
-0.114125
-0.451341
-0.780885
-1.10095
-1.40932
-1.70261
-1.97532
-2.21891
-2.42204
-2.57283
-2.66334
-2.69349
-2.67077
-2.60598
-2.5087
-2.38521
-2.23878
-2.07095
-1.88268
-1.67518
-1.45018
-1.21001
-0.957373
-0.69521
-0.426502
-0.154168
0.118995
0.390297
0.657077
0.916504
1.16524
1.39891
1.61145
1.79472
1.93883
2.03412
2.07447
2.06025
1.99835
1.89927
1.77336
1.62866
1.47053
1.30224
1.12582
0.942705
0.75416
0.56147
0.366018
0.16928
-0.0272107
-0.22189
-0.413184
-0.599487
-0.779098
-0.950094
-1.11012
-1.25613
-1.38409
-1.48881
-1.56424
-1.60432
-1.06069
-1.3353
-1.60937
-1.88307
-2.15485
-2.42072
-2.67366
-2.904
-3.10117
-3.25678
-3.36812
-3.44011
-3.48394
-3.51245
-3.53311
-3.53997
-3.50683
-3.38962
-3.15115
-2.79635
-2.37004
-1.91899
-1.47027
-1.03455
-0.614899
-0.212132
0.173138
0.539978
0.887139
1.21309
1.51596
1.7934
2.04251
2.25996
2.44231
2.58659
2.69097
2.75536
2.7816
2.77318
2.73434
2.66875
2.57832
2.46243
2.31805
2.14114
1.92898
1.68229
1.40587
1.10729
0.794702
0.475215
0.154357
-0.163685
-0.475546
-0.778203
-1.06865
-1.34375
-1.60015
-1.83435
-2.04279
-2.22185
-2.36794
-2.47748
-2.5469
-2.57291
-2.55301
-2.4862
-2.3738
-2.21969
-2.02985
-1.81142
-1.57157
-1.31677
-1.05246
-0.78302
-0.511949
-0.242085
0.0241698
0.284654
0.537257
0.779755
1.00966
1.22409
1.41971
1.59277
1.73925
1.85524
1.93744
1.98365
1.99316
1.96678
1.90658
1.81552
1.69698
1.55449
1.3916
1.21177
1.01842
-0.662667
-0.363546
-0.0680225
0.222336
0.50615
0.78198
1.04805
1.30198
1.54051
1.75938
1.95342
2.11696
2.24459
2.3323
2.37847
2.38466
2.35556
2.29819
2.22049
2.12973
2.03106
1.92657
1.81478
1.69057
1.546
1.37213
1.162
0.913627
0.63098
0.322489
-0.00173538
-0.331997
-0.659805
-0.977793
-1.27939
-1.55861
-1.80999
-2.0287
-2.21072
-2.35301
-2.45354
-2.51125
-2.5259
-2.49789
-2.42821
-2.31851
-2.17139
-1.9906
-1.78101
-1.54825
-1.29817
-1.03627
-0.767337
-0.495359
-0.223558
0.0454067
0.309221
0.565696
0.812578
1.04739
1.26731
1.46914
1.64931
1.80399
1.92936
2.02194
2.079
2.09893
2.0815
2.02784
1.94028
1.82208
1.67703
1.50925
1.32293
1.12223
0.911194
0.693661
0.47327
0.253452
0.0374542
-0.171622
-0.370785
-0.557143
-0.727938
-0.88064
-1.0131
-1.12369
-1.21145
-1.27607
-1.31781
-1.33736
-1.33562
-1.31354
-1.27212
-1.21231
-1.13513
-1.04167
-0.93323
3.72115
3.48198
3.24963
3.035
2.84488
2.68277
2.54959
2.44437
2.36489
2.30836
2.27204
2.25383
2.2527
2.2688
2.30343
2.35861
2.43669
2.53973
2.66907
2.82486
3.00576
3.20851
3.42768
3.65539
3.88106
4.09158
4.27184
4.40596
4.47913
4.48
4.4029
4.24927
4.02761
3.75171
3.4376
3.10043
2.75228
2.40134
2.05244
1.70798
1.36905
1.0361
0.709345
0.388954
0.0750686
-0.232151
-0.532445
-0.825317
-1.10987
-1.38461
-1.64733
-1.89496
-2.12358
-2.32842
-2.50402
-2.6445
-2.74386
-2.79648
-2.7977
-2.74451
-2.63628
-2.47539
-2.26769
-2.02257
-1.7526
-1.47262
-1.1983
-0.94421
-0.721504
-0.535927
-0.386801
-0.267817
-0.169396
-0.0814955
0.00429848
0.0938278
0.190345
0.294961
0.407206
0.525527
0.647659
0.770877
0.892161
1.0083
1.11599
1.21192
1.29294
1.35614
1.3991
1.41999
1.41773
1.39203
1.34341
1.27311
1.18297
1.07526
0.952563
0.817586
0.673058
-2.69155
-2.98608
-3.24976
-3.47512
-3.65506
-3.78453
-3.86212
-3.89061
-3.87569
-3.82281
-3.73325
-3.60161
-3.4174
-3.17208
-2.86771
-2.51876
-2.14497
-1.76287
-1.3825
-1.00847
-0.642201
-0.283708
0.0673547
0.41115
0.747385
1.07518
1.39302
1.69875
1.98965
2.26257
2.5141
2.74075
2.93895
3.10466
3.23265
3.31566
3.3443
3.30907
3.20457
3.03352
2.80693
2.53988
2.2466
1.93797
1.62137
1.30157
0.9817
0.663943
0.349901
0.040856
-0.262082
-0.557841
-0.845258
-1.12294
-1.38908
-1.64124
-1.87606
-2.08895
-2.27388
-2.4236
-2.53046
-2.58812
-2.59342
-2.54745
-2.45499
-2.32278
-2.1578
-1.96622
-1.75317
-1.52292
-1.27924
-1.02554
-0.765048
-0.500827
-0.23579
0.0272637
0.285589
0.536376
0.776582
1.00272
1.2107
1.39575
1.55271
1.67663
1.76378
1.81258
1.824
1.80107
1.74801
1.66912
1.5682
1.44834
1.312
1.16125
0.997985
0.824105
0.641565
0.452431
0.258886
1.13181
0.608976
0.102566
-0.375298
-0.81807
-1.22443
-1.59561
-1.93193
-2.23038
-2.48575
-2.69633
-2.86963
-3.02131
-3.16792
-3.32023
-3.48021
-3.64041
-3.78468
-3.89082
-3.93579
-3.90254
-3.78554
-3.59191
-3.3382
-3.04466
-2.72992
-2.40788
-2.08697
-1.77115
-1.46153
-1.15782
-0.859374
-0.565704
-0.27671
0.0073545
0.285956
0.558336
0.82351
1.08021
1.32677
1.56106
1.7804
1.98154
2.16081
2.31424
2.43792
2.52831
2.58268
2.59946
2.57851
2.52123
2.43046
2.3102
2.16519
2.00042
1.82064
1.63001
1.4319
1.22885
1.02266
0.814582
0.605511
0.396209
0.187438
-0.0199238
-0.224829
-0.426041
-0.622131
-0.811493
-0.992345
-1.16272
-1.32047
-1.46321
-1.58835
-1.69312
-1.77464
-1.83009
-1.85689
-1.85289
-1.81662
-1.74735
-1.64522
-1.5112
-1.34706
-1.15526
-0.93896
-0.701944
-0.44863
-0.184099
0.0858147
0.354301
0.613186
0.85244
1.06002
1.2229
1.33022
1.37764
1.37004
1.31974
2.95519
2.42271
1.81625
1.16657
0.5147
-0.101157
-0.655507
-1.1357
-1.53475
-1.84471
-2.05925
-2.18617
-2.25345
-2.29713
-2.34633
-2.4192
-2.52571
-2.67002
-2.85013
-3.05674
-3.27566
-3.49611
-3.71889
-3.95393
-4.20356
-4.43065
-4.5218
-4.3312
-3.86855
-3.30103
-2.7459
-2.23451
-1.76547
-1.33293
-0.933217
-0.564103
-0.223057
0.0935798
0.390244
0.671283
0.940153
1.19895
1.44824
1.68714
1.91345
2.12384
2.31411
2.47946
2.6149
2.71562
2.77751
2.79757
2.77425
2.70761
2.59926
2.45203
2.26963
2.05608
1.81527
1.55069
1.26524
0.961347
0.641282
0.307538
-0.0368353
-0.388112
-0.742011
-1.09382
-1.43805
-1.76691
-2.06736
-2.31765
-2.48808
-2.553
-2.51019
-2.38576
-2.21588
-2.02803
-1.83644
-1.64601
-1.45699
-1.26803
-1.07774
-0.885399
-0.691033
-0.495398
-0.299777
-0.105806
0.0846856
0.269787
0.447607
0.616351
0.774422
0.920516
1.05373
1.17365
1.28041
1.37457
1.45701
1.9534
1.96531
1.94844
1.90459
1.83514
1.74116
1.6237
1.48397
1.32356
1.14449
0.949196
0.740532
0.521649
0.295967
0.0671411
-0.160903
-0.383877
-0.596982
-0.794778
-0.971193
-1.1199
-1.23521
-1.31334
-1.35362
-1.35869
-1.33372
-1.28482
-1.21773
-1.137
-1.04584
-0.94636
-0.839911
-0.72738
-0.609457
-0.486788
-0.360066
-0.230077
-0.0977076
0.0360407
0.170045
0.303031
0.433516
0.559722
0.679459
0.78999
0.887931
0.96926
1.02955
1.06452
1.07089
1.04722
0.994509
0.916043
0.816659
0.701775
0.576562
0.445476
0.312118
0.179295
0.0491738
-0.0765658
-0.196597
-0.309845
-0.415408
-0.512498
-0.600389
-0.678362
-0.745656
-0.801424
-0.844693
-0.874369
-0.889272
-0.888246
-0.870321
-0.834921
-0.782058
-0.712466
-0.627621
-0.52964
-0.421098
-0.304805
-0.183612
-0.0602653
0.0626818
0.182903
0.298306
0.407019
0.507369
0.597864
0.677177
0.744136
0.797724
0.83709
0.861567
0.870709
0.86433
0.842539
0.805776
0.754824
-3.9321
-3.91875
-3.83046
-3.66681
-3.4364
-3.15345
-2.83394
-2.49247
-2.1406
-1.78644
-1.43501
-1.08906
-0.74976
-0.417428
-0.0919208
0.227052
0.539736
0.846182
1.14611
1.43873
1.72258
1.99522
2.25305
2.49112
2.7031
2.8816
3.0188
3.10743
3.14188
3.11919
3.03959
2.90657
2.72631
2.50671
2.25637
1.98358
1.69564
1.39855
1.09698
0.794434
0.493534
0.196285
-0.0956595
-0.380793
-0.657579
-0.924316
-1.17901
-1.4193
-1.64235
-1.84492
-2.02333
-2.17369
-2.29212
-2.3751
-2.41983
-2.42455
-2.38876
-2.31325
-2.19996
-2.05173
-1.8719
-1.66397
-1.43134
-1.17711
-0.904128
-0.615113
-0.312867
-0.000481092
0.31856
0.640364
0.960543
1.27373
1.57227
1.84401
2.06995
2.22535
2.28863
2.25576
2.1455
1.98758
1.80751
1.62066
1.43401
1.24966
1.06756
0.887063
0.707645
0.529244
0.352279
0.177587
0.00630883
-0.160229
-0.32063
-0.473527
-0.617688
-0.752102
-0.876065
-0.989234
-1.09164
2.9071
3.40208
4.00542
4.65689
5.29792
5.87484
6.34235
6.66677
6.82658
6.81039
6.61921
6.27605
5.82809
5.33011
4.82605
4.34414
3.90076
3.50501
3.1615
2.8718
2.63543
2.45045
2.31411
2.22324
2.17458
2.16497
2.19144
2.25117
2.34136
2.45909
2.60107
2.76338
2.94114
3.1283
3.31731
3.49894
3.66222
3.79445
3.8817
3.90961
3.86479
3.73684
3.52064
3.21893
2.84439
2.42081
1.98235
1.57018
1.22534
0.977618
0.833957
0.775418
0.767556
0.775797
0.774843
0.750215
0.695886
0.611271
0.498827
0.362413
0.20627
0.0344392
-0.149492
-0.342421
-0.541586
-0.744324
-0.947839
-1.14913
-1.34524
-1.5338
-1.71378
-1.88589
-2.05216
-2.21444
-2.37149
-2.51429
-2.62021
-2.6505
-2.56303
-2.34321
-2.02074
-1.64542
-1.25631
-0.874485
-0.509349
-0.164959
0.156616
0.453966
0.725909
0.971334
1.18912
1.37811
1.53712
1.66505
1.76114
1.82514
1.8576
1.85997
1.83458
0.909973
0.808282
0.711695
0.618271
0.526732
0.436576
0.348176
0.262829
0.18272
0.110745
0.050159
0.00407583
-0.0251055
-0.0362083
-0.029562
-0.00696759
0.0286429
0.0737417
0.124775
0.178633
0.232939
0.28617
0.337632
0.387348
0.435913
0.484352
0.533984
0.58632
0.642988
0.705673
0.776085
0.855929
0.946881
1.05057
1.16856
1.30228
1.453
1.62174
1.80919
2.01557
2.24051
2.48291
2.74078
3.01107
3.28947
3.57003
3.84436
4.10034
4.32057
4.48239
4.56236
4.54567
4.43337
4.23968
3.98239
3.67637
3.33264
2.9602
2.56744
2.16256
1.75331
1.34644
0.947348
0.559862
0.186278
-0.172355
-0.515782
-0.843951
-1.15635
-1.45145
-1.72639
-1.97727
-2.2
-2.39159
-2.55084
-2.67818
-2.7745
-2.84001
-2.87342
-2.87212
-2.83283
-2.75257
-2.62955
-2.46372
-2.25685
-2.01234
-1.73479
-1.42958
-1.10258
-0.759879
-0.407682
-0.0521683
0.300511
0.644009
0.97119
1.27321
1.53875
1.75473
1.90966
4.09295
4.41653
4.57401
4.5819
4.46842
4.26584
4.00503
3.71228
3.40821
3.10784
2.82153
2.556
2.3153
2.10163
1.91597
1.75853
1.62913
1.52743
1.45313
1.40605
1.38624
1.39395
1.42962
1.4938
1.58709
1.71001
1.86281
2.04537
2.25694
2.49592
2.7597
3.04435
3.3445
3.65332
3.96261
4.26308
4.54438
4.79408
4.99527
5.12395
5.1518
5.05932
4.85118
4.55437
4.20055
3.81345
3.40799
2.99395
2.57882
2.16881
1.7689
1.38269
1.01228
0.658324
0.320217
-0.00363528
-0.315493
-0.61795
-0.913577
-1.20454
-1.49216
-1.77645
-2.05559
-2.32554
-2.58
-2.81107
-3.01064
-3.17199
-3.29073
-3.36438
-3.39127
-3.36952
-3.29688
-3.17145
-2.99262
-2.76188
-2.48316
-2.16277
-1.8089
-1.43107
-1.03949
-0.644491
-0.256077
0.116166
0.462945
0.775112
1.04415
1.2638
1.4325
1.55472
1.63972
1.69822
1.73919
1.76828
1.78775
1.79723
1.79463
1.77708
1.74169
-0.461521
-0.140948
0.17363
0.482291
0.784853
1.08076
1.36895
1.64777
1.91478
2.16667
2.39918
2.6071
2.78453
2.92526
3.02346
3.07442
3.0752
3.02516
2.926
2.7815
2.59694
2.37837
2.13194
1.86324
1.57695
1.27669
0.965069
0.643965
0.314944
-0.0203234
-0.35976
-0.700825
-1.0407
-1.3765
-1.7051
-2.02198
-2.31849
-2.57786
-2.7728
-2.87202
-2.8595
-2.74997
-2.57861
-2.37798
-2.16706
-1.95332
-1.73805
-1.52034
-1.29909
-1.07391
-0.845265
-0.614322
-0.382734
-0.15242
0.0745935
0.29627
0.510633
0.715827
0.910191
1.09236
1.26134
1.41662
1.55812
1.68597
1.80016
1.89973
1.9819
2.04099
2.06795
2.05142
1.98117
1.85303
1.67191
1.45002
1.20191
0.94032
0.674572
0.410946
0.153644
-0.0943547
-0.330735
-0.553543
-0.761048
-0.951705
-1.12416
-1.27727
-1.41013
-1.522
-1.61226
-1.68019
-1.72486
-1.74489
-1.73848
-1.70361
-1.63858
-1.54265
-1.41674
-1.2636
-1.08755
1.78526
1.44731
1.11382
0.786641
0.466554
0.153513
-0.15305
-0.453878
-0.74955
-1.04019
-1.32523
-1.60324
-1.87201
-2.12871
-2.37046
-2.59499
-2.80129
-2.98982
-3.16181
-3.31693
-3.44924
-3.54216
-3.56676
-3.49188
-3.30687
-3.03367
-2.71017
-2.3671
-2.02098
-1.67841
-1.34132
-1.01014
-0.685111
-0.366729
-0.05577
0.246752
0.539614
0.821394
1.09048
1.3451
1.58345
1.8038
2.00469
2.18501
2.34386
2.48007
2.59132
2.67295
2.71701
2.71281
2.64998
2.52371
2.33849
2.10687
1.84408
1.56332
1.27395
0.98193
0.69098
0.403584
0.121627
-0.153239
-0.419426
-0.675326
-0.919289
-1.14961
-1.36451
-1.56213
-1.74036
-1.8967
-2.02799
-2.13016
-2.19826
-2.22694
-2.21167
-2.15038
-2.04458
-1.89933
-1.72199
-1.52041
-1.30171
-1.07169
-0.834867
-0.594763
-0.354205
-0.115583
0.11897
0.347444
0.567858
0.778169
0.976183
1.15945
1.32517
1.4701
1.59063
1.68291
1.74332
1.76911
1.75907
-1.01503
-1.08294
-1.13166
-1.16125
-1.17194
-1.16412
-1.13827
-1.095
-1.03507
-0.959422
-0.869219
-0.765892
-0.651151
-0.527001
-0.395738
-0.259951
-0.122502
0.0134914
0.144706
0.267698
0.379062
0.475661
0.554928
0.615175
0.655816
0.67741
0.681495
0.670261
0.646165
0.611601
0.568682
0.519141
0.464332
0.40528
0.342767
0.277407
0.209727
0.14023
0.0694464
-0.00201746
-0.0734427
-0.143959
-0.212514
-0.277843
-0.338459
-0.392665
-0.438601
-0.474355
-0.498121
-0.50841
-0.504277
-0.485494
-0.452633
-0.407025
-0.350594
-0.285635
-0.214573
-0.139774
-0.063408
0.0126151
0.086669
0.157398
0.223688
0.284628
0.339471
0.387601
0.428495
0.461703
0.48682
0.503486
0.511376
0.510227
0.499851
0.48018
0.451305
0.413512
0.367311
0.313451
0.252909
0.186861
0.116641
0.0436905
-0.030498
-0.104427
-0.176638
-0.245744
-0.310455
-0.369597
-0.422127
-0.467143
-0.50389
-0.531773
-0.550358
-0.559381
-0.558754
-0.548561
-0.529065
-0.500701
-0.464063
3.29415
3.39576
3.45345
3.458
3.40139
3.27725
3.08121
2.81125
2.46825
2.05703
1.58751
1.07557
0.54302
0.0171579
-0.468786
-0.874381
-1.15611
-1.28657
-1.27893
-1.18291
-1.05257
-0.924237
-0.815614
-0.732498
-0.674347
-0.637493
-0.616852
-0.606916
-0.602416
-0.598807
-0.592614
-0.581621
-0.564915
-0.54278
-0.516501
-0.488094
-0.46002
-0.434897
-0.415228
-0.403141
-0.400119
-0.406686
-0.422031
-0.44354
-0.466266
-0.482492
-0.481782
-0.452153
-0.38284
-0.2681
-0.109978
0.0820105
0.294037
0.511662
0.722247
0.915829
1.08511
1.22513
1.33289
1.40707
1.44773
1.45606
1.43412
1.3846
1.31059
1.21541
1.10241
0.974862
0.835904
0.688477
0.535315
0.378945
0.2217
0.0657292
-0.0869834
-0.234607
-0.375452
-0.507966
-0.63073
-0.742466
-0.842045
-0.928501
-1.00105
-1.0591
-1.10228
-1.13043
-1.1436
-1.14206
-1.12627
-1.09686
-1.05461
-1.00042
-0.935284
-0.860278
-0.776538
-0.685249
-0.58764
-0.484974
-0.378548
1.33798
1.42244
1.4918
1.54932
1.59894
1.64417
1.68675
1.72523
1.75317
1.75771
1.71981
1.6188
1.44201
1.19317
0.890941
0.55902
0.217741
-0.118421
-0.439705
-0.739318
-1.01223
-1.25456
-1.46333
-1.63645
-1.77269
-1.87174
-1.93426
-1.96179
-1.95662
-1.92152
-1.85949
-1.77338
-1.66577
-1.5388
-1.39425
-1.23366
-1.05857
-0.870674
-0.671941
-0.464635
-0.251263
-0.0344951
0.182905
0.398119
0.608271
0.81042
1.00155
1.17856
1.33833
1.4778
1.59405
1.68446
1.74689
1.77978
1.78236
1.75469
1.69775
1.61331
1.5039
1.37257
1.22269
1.05778
0.881367
0.69681
0.507291
0.315775
0.125021
-0.0623849
-0.243987
-0.417428
-0.580424
-0.730773
-0.866377
-0.985298
-1.08583
-1.16655
-1.22642
-1.26477
-1.28135
-1.2763
-1.25014
-1.20377
-1.1384
-1.05559
-0.957197
-0.845354
-0.722462
-0.591138
-0.454183
-0.314524
-0.175165
-0.0391104
0.0907178
0.21159
0.321102
0.417312
0.498868
0.56508
0.615909
-1.91453
-2.17462
-2.43238
-2.6824
-2.91762
-3.12961
-3.30907
-3.44664
-3.53392
-3.56461
-3.5354
-3.44658
-3.3019
-3.10805
-2.87368
-2.60824
-2.32099
-2.02023
-1.71281
-1.40399
-1.09745
-0.795546
-0.499662
-0.21053
0.0714313
0.345845
0.612198
0.869746
1.1175
1.35426
1.57863
1.789
1.98344
2.15951
2.31412
2.44343
2.54303
2.60821
2.63457
2.61857
2.55805
2.45257
2.3033
2.11284
1.88478
1.62334
1.33316
1.01915
0.686567
0.340982
-0.0116825
-0.365177
-0.712723
-1.04635
-1.35563
-1.62633
-1.84065
-1.98189
-2.04303
-2.03259
-1.97056
-1.87811
-1.77061
-1.6563
-1.53824
-1.41656
-1.29018
-1.15789
-1.01888
-0.87295
-0.720571
-0.562727
-0.400786
-0.236336
-0.0710449
0.0934484
0.255626
0.414157
0.567949
0.716179
0.858282
0.993886
1.12265
1.244
1.35663
1.45793
1.54328
1.60547
1.63497
1.62161
1.55802
1.44315
1.28343
1.09037
0.876631
0.653098
0.427923
0.206807
-0.00631103
0.984868
0.971171
1.00225
1.07856
1.19625
1.34833
1.52676
1.72459
1.93723
2.16279
2.40153
2.65469
2.92278
3.20296
3.48585
3.75337
3.98204
4.15411
4.26807
4.33532
4.36684
4.36449
4.32129
4.22666
4.07184
3.85346
3.57431
3.24179
2.86567
2.45604
2.0223
1.5729
1.11561
0.657599
0.205364
-0.235687
-0.661483
-1.06905
-1.45546
-1.81593
-2.14189
-2.42068
-2.63953
-2.79318
-2.88863
-2.94112
-2.96528
-2.9694
-2.95483
-2.91809
-2.85369
-2.75661
-2.62389
-2.45532
-2.25334
-2.02222
-1.76718
-1.4935
-1.206
-0.90876
-0.60508
-0.297644
0.0112921
0.319704
0.625691
0.927455
1.22333
1.51169
1.79057
2.05664
2.30331
2.51825
2.68203
2.77157
2.77132
2.68474
2.53303
2.34181
2.13024
1.90881
1.68202
1.45135
1.21734
0.980474
0.741629
0.502043
0.26324
0.0269012
-0.205237
-0.43147
-0.650185
-0.859919
-1.0594
-1.24754
-1.4234
-1.58595
-1.73371
-1.86414
-1.97285
-4.17111
-3.81092
-3.49484
-3.22132
-2.99008
-2.8012
-2.65457
-2.54978
-2.48617
-2.46284
-2.47871
-2.53243
-2.62221
-2.74551
-2.89879
-3.07718
-3.27448
-3.48356
-3.69734
-3.91026
-4.11982
-4.32682
-4.53246
-4.73001
-4.89068
-4.95432
-4.85781
-4.60107
-4.25198
-3.876
-3.50233
-3.13644
-2.7763
-2.4198
-2.06658
-1.71762
-1.37434
-1.03794
-0.709
-0.387501
-0.0729139
0.235569
0.5388
0.837455
1.13185
1.42183
1.70674
1.98551
2.25679
2.51921
2.77146
3.01193
3.2376
3.4416
3.60989
3.71945
3.74362
3.66712
3.49876
3.26535
2.99422
2.7032
2.40115
2.09192
1.77748
1.45941
1.13938
0.819162
0.500481
0.184929
-0.126078
-0.431276
-0.729505
-1.01965
-1.30056
-1.57095
-1.82919
-2.07288
-2.29817
-2.49885
-2.66549
-2.78573
-2.8469
-2.84107
-2.76928
-2.64127
-2.47059
-2.26965
-2.04743
-1.80976
-1.56042
-1.30215
-1.0373
-0.768067
-0.496633
-0.225119
0.044427
0.310037
0.569794
0.605113
0.82267
1.02816
1.21928
1.39359
1.54851
1.68144
1.78992
1.87179
1.92537
1.94962
1.94431
1.91004
1.84822
1.76101
1.65117
1.52181
1.37626
1.21784
1.04974
0.874874
0.695866
0.515034
0.334414
0.15582
-0.0190982
-0.188792
-0.351767
-0.506545
-0.651646
-0.785573
-0.906818
-1.01386
-1.1052
-1.17936
-1.23492
-1.2706
-1.2853
-1.27817
-1.24876
-1.19703
-1.12347
-1.02917
-0.915831
-0.785804
-0.642096
-0.488347
-0.328803
-0.168257
-0.0119432
0.134672
0.266247
0.378108
0.466911
0.531231
0.571804
0.591269
0.593472
0.582619
0.56257
0.536426
0.506393
0.473849
0.439498
0.403555
0.365909
0.326267
0.284253
0.239497
0.191684
0.140602
0.0861813
0.0285259
-0.0320439
-0.0949454
-0.15928
-0.223772
-0.286717
-0.345943
-0.39883
-0.442412
-0.473604
-0.48957
-0.488178
-0.468442
-0.430791
-0.377048
-0.31013
-0.233573
-0.151048
-0.065986
0.0186399
0.100405
0.177424
0.248301
0.312048
0.368018
0.415824
0.455279
-3.9977
-4.59235
-5.19982
-5.79747
-6.36078
-6.86393
-7.28402
-7.6057
-7.81414
-7.86989
-7.70718
-7.31642
-6.79271
-6.23822
-5.69999
-5.19229
-4.72187
-4.29555
-3.92
-3.60029
-3.33918
-3.13713
-2.9926
-2.90257
-2.86281
-2.86824
-2.91297
-2.99031
-3.0927
-3.21141
-3.33644
-3.45631
-3.55811
-3.62777
-3.65083
-3.61374
-3.50576
-3.32153
-3.06403
-2.74732
-2.39818
-2.05502
-1.76211
-1.55758
-1.45799
-1.45005
-1.49836
-1.56272
-1.61135
-1.62495
-1.59504
-1.52071
-1.40563
-1.25577
-1.07789
-0.87854
-0.663515
-0.437591
-0.20444
0.0333096
0.273907
0.516194
0.759215
1.00175
1.2419
1.47688
1.70342
1.91866
2.12137
2.31272
2.49569
2.67282
2.84162
2.9876
3.07682
3.05882
2.89604
2.60157
2.22986
1.83259
1.43842
1.05869
0.696828
0.353696
0.0296487
-0.274871
-0.559239
-0.822619
-1.06392
-1.28172
-1.4743
-1.63973
-1.7761
-1.88179
-1.95588
-1.99842
-2.0106
-1.99479
-1.95425
2.8312
3.05817
3.26406
3.44013
3.57706
3.66527
3.69536
3.6589
3.54956
3.36449
3.10557
2.78027
2.40189
1.98905
1.56433
1.15223
0.776483
0.456599
0.203785
0.0176951
-0.113304
-0.207458
-0.283306
-0.355356
-0.432821
-0.520292
-0.619003
-0.727943
-0.844632
-0.965565
-1.08647
-1.20246
-1.30826
-1.39849
-1.46813
-1.51307
-1.5307
-1.52024
-1.48288
-1.42157
-1.34056
-1.2448
-1.13932
-1.02879
-0.91719
-0.807615
-0.702223
-0.602158
-0.507497
-0.417158
-0.32881
-0.238875
-0.142736
-0.0353008
0.0880382
0.2302
0.391389
0.568684
0.756419
0.947139
1.13269
1.30515
1.45749
1.58392
1.68011
1.74328
1.7721
1.76658
1.72789
1.65813
1.5601
1.43705
1.29252
1.13018
0.953655
0.766492
0.572044
0.373462
0.173685
-0.0245433
-0.218635
-0.406121
-0.584609
-0.751762
-0.905295
-1.043
-1.16278
-1.26275
-1.34128
-1.39715
-1.42956
-1.43827
-1.42361
-1.38649
-1.32842
-1.25139
-1.15784
-1.0505
-0.93229
