2.93312
3.06502
-3.10801
-3.01846
-2.94873
-2.89826
-2.86657
-2.85324
-2.85781
-2.87981
-2.91874
-2.97407
-3.0453
-3.13195
3.04957
2.93317
2.80213
2.65629
2.49522
2.31804
2.12349
1.90985
1.67501
1.41668
1.13282
0.822635
0.488331
0.137556
-0.215535
-0.553854
-0.864098
-1.13992
-1.38026
-1.5866
-1.76131
-1.90684
-2.02546
-2.11915
-2.18959
-2.23821
-2.26617
-2.2744
-2.26364
-2.23443
-2.18713
-2.12191
-2.03874
-1.93743
-1.81756
-1.67857
-1.51982
-1.34067
-1.14075
-0.920292
-0.680763
-0.425613
-0.160967
0.104506
0.361108
0.600442
0.816971
1.00805
1.17307
1.31258
1.4276
1.51933
1.58891
1.63737
1.66556
1.67421
1.66385
1.63488
1.58756
1.52203
1.43836
1.3366
1.21683
1.07931
0.924605
0.753883
0.56916
0.373617
0.171735
-0.0309089
-0.228299
-0.414885
-0.586311
-0.739684
-0.873421
-0.986898
-1.0801
-1.15334
-1.20711
-1.24194
-1.25833
-1.25677
-1.23766
-1.20139
-1.14831
-0.285005
-0.142249
-0.00456964
0.125637
0.246235
0.35547
0.452017
0.534973
0.603815
0.658351
0.698668
0.725094
0.738173
0.738642
0.72741
0.705546
0.674255
0.63486
0.588772
0.537463
0.482426
0.425146
0.367054
0.309498
0.253709
0.20078
0.151645
0.107077
0.0676856
0.0339167
0.00606398
-0.0157261
-0.0314476
-0.0412302
-0.045335
-0.0441506
-0.0381888
-0.0280768
-0.0145456
0.00158614
0.0194341
0.0380746
0.0565747
0.0740228
0.0895587
0.1024
0.111865
0.117386
0.118522
0.114959
0.106516
0.093135
0.0748812
0.0519347
0.0245853
-0.0067733
-0.0416499
-0.0794625
-0.119546
-0.161164
-0.20352
-0.245773
-0.287058
-0.326501
-0.363245
-0.396466
-0.425392
-0.449322
-0.467637
-0.479814
-0.485433
-0.484185
-0.475874
-0.460426
-0.437888
-0.408427
-0.37234
-0.330045
-0.282085
-0.229124
-0.171936
-0.111398
-0.0484659
0.0158413
0.0804737
0.144378
0.20653
0.265956
0.321761
0.373144
0.419402
0.459942
0.494274
0.522011
0.542862
0.55663
0.563201
0.562548
0.554722
-1.60931
-1.70314
-1.80401
-1.91296
-2.03081
-2.1582
-2.29564
-2.44358
-2.60245
-2.77277
-2.95529
3.13206
2.92131
2.69344
2.44577
2.17532
1.87921
1.55505
1.2016
0.820088
0.416904
0.00676234
-0.388946
-0.751889
-1.07433
-1.35699
-1.6039
-1.8195
-2.00751
-2.17075
-2.3112
-2.4302
-2.52857
-2.60678
-2.66509
-2.7036
-2.72234
-2.72129
-2.70043
-2.65971
-2.59907
-2.51842
-2.41767
-2.29672
-2.15553
-1.99418
-1.813
-1.61263
-1.39417
-1.15932
-0.910713
-0.652227
-0.389352
-0.129046
0.121195
0.354854
0.567533
0.757095
0.923038
1.06572
1.18576
1.28378
1.36016
1.4151
1.44861
1.46056
1.45077
1.41907
1.36541
1.28993
1.19308
1.07576
0.93942
0.786266
0.619391
0.442877
0.261716
0.0814644
-0.0923588
-0.254955
-0.402722
-0.533368
-0.64573
-0.73945
-0.814652
-0.871698
-0.91102
-0.933018
-0.938019
-0.926269
-0.897957
-0.853264
-0.792437
-0.715893
-0.624336
-0.518905
-0.401319
-0.273981
-0.140018
-2.34715
-2.51493
-2.68673
-2.86259
-3.04231
3.05772
2.87172
2.68369
2.49463
2.30566
2.11798
1.9328
1.75122
1.57417
1.40241
1.2364
1.07636
0.922229
0.773616
0.629844
0.489949
0.352709
0.216694
0.0803283
-0.0580366
-0.200029
-0.347156
-0.500689
-0.661562
-0.830278
-1.00686
-1.19086
-1.38137
-1.57715
-1.7767
-1.97834
-2.18039
-2.3813
-2.57984
-2.77524
-2.96734
3.1267
2.93989
2.75494
2.57184
2.39124
2.21447
2.04336
1.87999
1.72639
1.58447
1.45578
1.34157
1.24267
1.15956
1.09236
1.04091
1.00476
0.983237
0.975404
0.980097
0.995871
1.02098
1.05333
1.09047
1.12962
1.16765
1.20119
1.22676
1.24084
1.24005
1.22134
1.18211
1.12037
1.0349
0.925346
0.792325
0.637526
0.463794
0.275147
0.0766185
-0.126204
-0.327925
-0.52412
-0.711811
-0.889499
-1.05687
-1.2144
-1.36299
-1.50371
-1.63762
-1.76567
-1.88866
-2.00719
-2.12168
-2.23239
-2.33943
-2.44279
-2.54236
2.29921
2.23279
2.18258
2.14874
2.1314
2.1306
2.14628
2.17831
2.22645
2.29033
2.36951
2.46348
2.57165
2.69347
2.82847
2.97635
3.13712
-2.97205
-2.78408
-2.58125
-2.36264
-2.12767
-1.87632
-1.60925
-1.32791
-1.03467
-0.733299
-0.42942
-0.130554
0.155078
0.420641
0.662142
0.8783
1.06946
1.23656
1.38045
1.50169
1.60038
1.67631
1.72897
1.75769
1.76176
1.74049
1.69335
1.62004
1.52063
1.39567
1.24634
1.07461
0.883443
0.677016
0.46084
0.241621
0.0266305
-0.17737
-0.365158
-0.533527
-0.68108
-0.807683
-0.913883
-1.00048
-1.06826
-1.11785
-1.14965
-1.16383
-1.16036
-1.13902
-1.0995
-1.04148
-0.964729
-0.869278
-0.755584
-0.62477
-0.478875
-0.32106
-0.155665
0.0119999
0.176199
0.331493
0.473381
0.598626
0.70525
0.792311
0.859619
0.907466
0.936419
0.947168
0.940429
0.91688
0.877134
0.821744
0.751236
0.666173
0.56725
0.455427
0.332072
0.199105
0.0590787
-0.0848356
0.0480664
0.184728
0.317713
0.448759
0.579437
0.711119
0.844953
0.98186
1.12253
1.26745
1.4169
1.57101
1.72973
1.89293
2.06037
2.23176
2.40671
2.58483
2.76566
2.94875
3.13364
-2.96333
-2.77617
-2.58839
-2.40019
-2.21157
-2.02229
-1.83184
-1.63934
-1.44361
-1.24307
-1.03592
-0.820197
-0.594163
-0.356779
-0.108439
0.14835
0.408773
0.666391
0.91442
1.14681
1.35864
1.5461
1.70625
1.8369
1.93659
2.00448
2.04037
2.04459
2.01794
1.96162
1.87709
1.76605
1.63019
1.47117
1.29041
1.08911
0.868358
0.629426
0.374351
0.106613
-0.168501
-0.444383
-0.714461
-0.973536
-1.21825
-1.44677
-1.65819
-1.85208
-2.02825
-2.18658
-2.32705
-2.44969
-2.55456
-2.64171
-2.71124
-2.76318
-2.79759
-2.81452
-2.81402
-2.79618
-2.7611
-2.70893
-2.6398
-2.55382
-2.45106
-2.33149
-2.19498
-2.04125
-1.86989
-1.68039
-1.47223
-1.24506
-0.999126
-0.735818
-0.458585
-0.173692
0.109918
0.382407
0.91458
1.02255
1.08242
1.09172
1.04955
0.957265
0.819053
0.642475
0.438567
0.221127
0.00479007
-0.19779
-0.378206
-0.532796
-0.661617
-0.766974
-0.852228
-0.921038
-0.976948
-1.02319
-1.0626
-1.09763
-1.13033
-1.16242
-1.19533
-1.23019
-1.26792
-1.30922
-1.35461
-1.40445
-1.45893
-1.51809
-1.58185
-1.64998
-1.72213
-1.79781
-1.8764
-1.95717
-2.03927
-2.12171
-2.20341
-2.28317
-2.35968
-2.43156
-2.49732
-2.55543
-2.60428
-2.64225
-2.66767
-2.67886
-2.67416
-2.65188
-2.61035
-2.54787
-2.46275
-2.3533
-2.21785
-2.05494
-1.86341
-1.64269
-1.39311
-1.11627
-0.81579
-0.498296
-0.174308
0.142691
0.439912
0.709178
0.947729
1.15641
1.33763
1.49405
1.62804
1.74147
1.83568
1.9115
1.96935
2.0093
2.03113
2.03439
2.01846
1.98259
1.92591
1.84753
1.74658
1.62227
1.47407
1.30181
1.10602
0.888275
0.651737
0.401745
0.146037
-0.105972
-0.345044
-0.564117
-0.75917
-0.928803
-1.07329
-1.36596
-1.23892
-1.1183
-1.00325
-0.892691
-0.785396
-0.679958
-0.574833
-0.46838
-0.358913
-0.244789
-0.124525
0.00303115
0.138497
0.281717
0.431558
0.585789
0.741116
0.893366
1.03779
1.1694
1.28326
1.37474
1.43975
1.47487
1.47754
1.44609
1.37986
1.27911
1.14505
0.979723
0.785982
0.567608
0.329483
0.0777174
-0.180672
-0.438761
-0.691007
-0.934012
-1.16642
-1.38832
-1.60053
-1.80421
-2.0005
-2.19045
-2.37496
-2.55477
-2.73055
-2.90286
-3.07225
3.04399
2.87901
2.71558
2.55335
2.39202
2.23131
2.07097
1.91074
1.75032
1.58939
1.42762
1.26469
1.10043
0.934826
0.768211
0.601339
0.435503
0.272549
0.114803
-0.0351209
-0.174592
-0.301225
-0.413077
-0.508759
-0.587461
-0.648932
-0.693442
-0.721728
-0.734941
-0.734586
-0.722451
-0.700529
-0.670928
-0.635791
-0.597202
-0.557119
-0.517305
-0.479287
-0.444334
-0.413444
-0.387351
-0.36654
-0.351265
-0.341566
-0.337285
-0.338081
-0.343435
-0.35266
-0.364914
0.728473
0.780972
0.83794
0.90008
0.96783
1.04135
1.12051
1.20487
1.29372
1.38604
1.48057
1.57579
1.67002
1.76142
1.84807
1.92802
1.99931
2.06007
2.10853
2.14307
2.16224
2.16476
2.14956
2.11577
2.06272
1.98994
1.8971
1.78404
1.65066
1.49696
1.32298
1.12892
0.915331
0.683492
0.436009
0.177413
-0.0856958
-0.345499
-0.594648
-0.827733
-1.04168
-1.23526
-1.40838
-1.56148
-1.69525
-1.81039
-1.90757
-1.98737
-2.05033
-2.09687
-2.12742
-2.14231
-2.14186
-2.12634
-2.096
-2.05107
-1.99174
-1.91818
-1.83054
-1.72894
-1.61352
-1.48443
-1.3419
-1.18632
-1.01835
-0.839073
-0.650257
-0.454509
-0.255395
-0.0572906
0.135071
0.317231
0.485561
0.637513
0.77156
0.88697
0.983553
1.06145
1.12103
1.16274
1.18715
1.19488
1.18663
1.16316
1.12531
1.07403
1.01037
0.935499
0.850729
0.757528
0.657529
0.552525
0.444456
0.335367
0.227343
0.122425
0.0225253
-0.0706539
-0.15567
-2.92074
3.13555
2.91181
2.68869
2.46379
2.23485
1.99969
1.75627
1.50278
1.23783
0.960947
0.673318
0.378684
0.0839035
-0.201869
-0.46956
-0.712548
-0.927358
-1.11293
-1.26958
-1.39828
-1.50034
-1.57721
-1.63052
-1.66202
-1.67363
-1.66737
-1.64538
-1.60985
-1.56302
-1.50708
-1.44413
-1.37618
-1.30503
-1.23229
-1.15935
-1.08733
-1.01712
-0.949354
-0.884427
-0.822528
-0.763656
-0.70765
-0.65422
-0.602981
-0.553484
-0.505251
-0.457801
-0.410689
-0.363525
-0.316
-0.267904
-0.219131
-0.169684
-0.119657
-0.0692269
-0.0186198
0.0319126
0.0821229
0.131793
0.18075
0.228882
0.276131
0.322495
0.368008
0.412725
0.4567
0.499966
0.542514
0.584274
0.625097
0.664749
0.7029
0.739119
0.772885
0.803585
0.830534
0.852987
0.870159
0.881254
0.885484
0.882099
0.870416
0.849844
0.819914
0.780306
0.73087
0.671658
0.602944
0.525247
0.439344
0.346284
0.24737
0.144137
0.0382914
-0.0683693
-0.174053
-0.277069
-0.375908
-1.13443
-1.26789
-1.37257
-1.45158
-1.50846
-1.54697
-1.57091
-1.58405
-1.58995
-1.59192
-1.59289
-1.59542
-1.60163
-1.61322
-1.63146
-1.65719
-1.69088
-1.73263
-1.78217
-1.83896
-1.90213
-1.97058
-2.04301
-2.11793
-2.19374
-2.26875
-2.34124
-2.40952
-2.47193
-2.52689
-2.5729
-2.60859
-2.63268
-2.64401
-2.64155
-2.62439
-2.59175
-2.543
-2.47763
-2.39524
-2.29551
-2.17817
-2.04295
-1.88955
-1.71759
-1.52662
-1.31621
-1.08617
-0.836968
-0.570512
-0.29103
-0.00565904
0.276274
0.545497
0.795131
1.02146
1.22328
1.40082
1.55495
1.68675
1.79728
1.88751
1.95827
2.0103
2.04424
2.06067
2.06008
2.04293
2.00965
1.96062
1.8962
1.81674
1.72256
1.61403
1.4915
1.35546
1.2065
1.04549
0.87365
0.69279
0.50542
0.314847
0.125073
-0.0595609
-0.234882
-0.397375
-0.544443
-0.674412
-0.786359
-0.879903
-0.955012
-1.01187
-1.05082
-1.07228
-1.07679
-1.06498
-1.03757
-0.995441
-0.93961
1.63771
1.62116
1.62287
1.6424
1.67916
1.73244
1.80134
1.8848
1.98158
2.09024
2.2092
2.33677
2.47124
2.61099
2.75459
2.90089
3.04906
-3.08465
-2.93428
-2.78351
-2.63308
-2.48412
-2.33818
-2.19712
-2.06295
-1.9377
-1.82322
-1.72109
-1.63258
-1.55859
-1.49966
-1.45596
-1.42733
-1.4133
-1.41304
-1.42546
-1.4491
-1.48223
-1.52277
-1.56834
-1.61628
-1.66371
-1.70754
-1.74461
-1.7717
-1.78572
-1.7837
-1.76297
-1.7212
-1.6565
-1.56745
-1.45316
-1.31329
-1.14807
-0.958404
-0.746021
-0.513858
-0.266447
-0.0100883
0.247717
0.499663
0.74014
0.965886
1.1757
1.36973
1.54882
1.71408
1.86666
2.00759
2.13777
2.25795
2.36875
2.47066
2.56406
2.64926
2.72651
2.796
2.85787
2.91227
2.9593
2.99907
3.03169
3.05729
3.07601
3.088
3.09347
3.09263
3.08572
3.07301
3.0548
3.03139
3.0031
2.97026
2.93318
2.8922
2.84761
2.79969
2.7487
2.69488
2.72847
2.7624
2.78935
2.80724
2.81401
2.80762
2.78603
2.74725
2.6893
2.61017
2.50786
2.38036
2.22574
2.0423
1.82881
1.58482
1.31104
1.00982
0.686176
0.348982
0.011446
-0.311468
-0.608098
-0.873073
-1.10621
-1.30991
-1.48729
-1.64124
-1.77411
-1.88765
-1.98302
-2.06089
-2.12153
-2.16487
-2.19059
-2.19816
-2.1869
-2.15598
-2.10451
-2.03154
-1.93607
-1.81718
-1.6741
-1.5063
-1.31377
-1.09727
-0.858821
-0.602326
-0.334231
-0.0635791
0.199251
0.444968
0.667355
0.863595
1.03334
1.17758
1.29782
1.39558
1.47223
1.52883
1.56617
1.58472
1.58473
1.56619
1.52894
1.47267
1.39702
1.30164
1.18631
1.05108
0.896533
0.724026
0.536076
0.336655
0.131275
-0.0734259
-0.2706
-0.4543
-0.620205
-0.765748
-0.889796
-0.992191
-1.07334
-1.13394
-1.17476
-1.19656
-1.2
-1.18564
-1.15389
-1.1051
-1.03953
-0.957448
-0.859208
-0.745391
-0.616962
-0.475466
-0.323211
-0.163383
1.90424e-05
-1.35214
-1.294
-1.23032
-1.16146
-1.08738
-1.00771
-0.921727
-0.828478
-0.726805
-0.615468
-0.493304
-0.359462
-0.213712
-0.0568129
0.109144
0.280568
0.452529
0.619255
0.774817
0.913756
1.03147
1.12438
1.18995
1.22667
1.23392
1.21188
1.16142
1.08393
0.981227
0.855372
0.708655
0.543565
0.362858
0.16965
-0.0325399
-0.239906
-0.448643
-0.655321
-0.857166
-1.05214
-1.23882
-1.41623
-1.58367
-1.74055
-1.88631
-2.02045
-2.14245
-2.25181
-2.34806
-2.43077
-2.49955
-2.55406
-2.59396
-2.61899
-2.6289
-2.6235
-2.60262
-2.56615
-2.514
-2.44612
-2.36245
-2.2629
-2.14735
-2.01562
-1.86746
-1.70256
-1.5206
-1.32133
-1.10483
-0.871836
-0.624321
-0.366118
-0.103314
0.156242
0.404489
0.634967
0.843705
1.02897
1.1905
1.32881
1.44472
1.53912
1.61288
1.66679
1.70154
1.7178
1.71617
1.69724
1.66157
1.60975
1.54237
1.46009
1.36362
1.25379
1.13155
0.99808
0.854835
0.703637
0.546743
-0.65653
-0.518059
-0.390091
-0.272764
-0.166443
-0.0717536
0.0104375
0.0790887
0.133105
0.171511
0.193669
0.199518
0.189787
0.166161
0.131307
0.0887532
0.0425898
-0.00294993
-0.0439364
-0.0771078
-0.100077
-0.111364
-0.110284
-0.0967646
-0.0711269
-0.0338979
0.0143411
0.0730539
0.141798
0.220227
0.308059
0.405011
0.510718
0.624645
0.746006
0.873704
1.00631
1.14208
1.27896
1.41471
1.5469
1.67305
1.79066
1.89733
1.99075
2.06886
2.1298
2.172
2.19417
2.19531
2.1747
2.13187
2.06662
1.97897
1.86909
1.73724
1.58374
1.40886
1.21288
0.99622
0.759764
0.505488
0.237228
-0.0388174
-0.314581
-0.58186
-0.834223
-1.0678
-1.28089
-1.47314
-1.64484
-1.79657
-1.92893
-2.0425
-2.1378
-2.21526
-2.27527
-2.31816
-2.34423
-2.35373
-2.34691
-2.32397
-2.28511
-2.23049
-2.16025
-2.07449
-1.97326
-1.85658
-1.72444
-1.57682
-1.41378
-1.23552
-1.04259
-0.83614
-0.618266
-0.392374
-0.16332
0.0629303
0.280198
3.04804
2.92502
2.7946
2.65657
2.51043
2.35541
2.19035
2.01371
1.8235
1.61733
1.39252
1.14635
0.876719
0.583265
0.269256
-0.056583
-0.380434
-0.687484
-0.966746
-1.21249
-1.42283
-1.59802
-1.7393
-1.84845
-1.92745
-1.97839
-2.00335
-2.00433
-1.98321
-1.9417
-1.88127
-1.80317
-1.70831
-1.5973
-1.47038
-1.32746
-1.16819
-0.992104
-0.79886
-0.588722
-0.363154
-0.125494
0.118697
0.362116
0.59706
0.816908
1.0169
1.19409
1.34689
1.47463
1.57722
1.65497
1.70842
1.73828
1.74538
1.73056
1.69471
1.63861
1.563
1.46847
1.35548
1.22438
1.07545
0.909071
0.725941
0.52744
0.316067
0.0957788
-0.128022
-0.349091
-0.561372
-0.75992
-0.941298
-1.10344
-1.2453
-1.36648
-1.46698
-1.54702
-1.60693
-1.6471
-1.66796
-1.66992
-1.65339
-1.61873
-1.56628
-1.49632
-1.40911
-1.30489
-1.18394
-1.04664
-0.893651
-0.726052
-0.545639
-0.355152
-0.158426
0.0397531
0.23414
0.419757
0.592529
-1.79033
-1.53332
-1.25791
-0.967803
-0.667178
-0.361384
-0.0573773
0.236764
0.513277
0.765943
0.990153
1.18215
1.33827
1.45457
1.52676
1.55049
1.52171
1.43728
1.29563
1.09782
0.848709
0.558429
0.243578
-0.0738298
-0.371898
-0.635991
-0.860962
-1.04835
-1.20285
-1.33016
-1.43588
-1.52516
-1.60256
-1.67201
-1.73688
-1.80003
-1.86387
-1.93044
-2.00144
-2.07829
-2.16218
-2.25411
-2.35491
-2.46529
-2.58591
-2.71737
-2.86036
-3.01567
3.09887
2.91553
2.71567
2.49701
2.25682
1.99207
1.6997
1.37708
1.02297
0.639468
0.235589
-0.170233
-0.555048
-0.902693
-1.20816
-1.47337
-1.70256
-1.90002
-2.06942
-2.21365
-2.33488
-2.4347
-2.51423
-2.57423
-2.61519
-2.63742
-2.64107
-2.62618
-2.59269
-2.54043
-2.46916
-2.37849
-2.26796
-2.13699
-1.98497
-1.81133
-1.61564
-1.39779
-1.15833
-0.898894
-0.622969
-0.336681
-0.0490122
0.229528
0.489585
0.725122
0.933632
1.11502
1.27036
1.4011
1.50864
0.61525
0.691415
0.750644
0.791405
0.81286
0.814766
0.797368
0.761292
0.707444
0.636934
0.551019
0.45108
0.338629
0.215336
0.083068
-0.0560848
-0.199825
-0.345708
-0.491248
-0.634037
-0.77185
-0.902696
-1.02484
-1.13678
-1.23724
-1.32509
-1.39937
-1.45925
-1.50403
-1.53312
-1.54606
-1.54248
-1.52215
-1.4849
-1.4307
-1.35957
-1.27164
-1.16715
-1.04649
-0.910246
-0.759355
-0.595246
-0.420026
-0.236633
-0.0488297
0.139035
0.322508
0.497578
0.661073
0.810776
0.945332
1.06403
1.16661
1.25306
1.32356
1.37833
1.41767
1.44186
1.4512
1.44597
1.42646
1.39296
1.34577
1.28519
1.21158
1.12537
1.02709
0.917431
0.797309
0.667952
0.530969
0.388407
0.242747
0.0968164
-0.0463906
-0.183952
-0.313253
-0.432141
-0.539
-0.632718
-0.712616
-0.778359
-0.829869
-0.867263
-0.890805
-0.900876
-0.897954
-0.882613
-0.855513
-0.817412
-0.769169
-0.711753
-0.646253
-0.573882
-0.495977
-0.413994
-0.32948
-0.244044
-0.159307
-0.0806133
-0.00013445
0.0694955
0.126904
0.171275
0.202568
0.221623
0.23013
0.230471
0.225456
0.218032
0.211004
0.206835
0.207538
0.214659
0.229327
0.252345
0.284278
0.325543
0.376468
0.437321
0.508316
0.589584
0.681134
0.782789
0.894125
1.01442
1.14263
1.27735
1.4169
1.5593
1.70237
1.84381
1.98125
2.11236
2.23491
2.34686
2.44639
2.53192
2.60213
2.65589
2.69226
2.71048
2.70994
2.69019
2.65096
2.59214
2.51377
2.41598
2.29898
2.16293
2.0079
1.83377
1.64016
1.42648
1.19207
0.936547
0.660619
0.367213
0.0626932
-0.243096
-0.539049
-0.816119
-1.06904
-1.29579
-1.4963
-1.67134
-1.82201
-1.9494
-2.05452
-2.13827
-2.20143
-2.24469
-2.26862
-2.27371
-2.26041
-2.22906
-2.17997
-2.11334
-2.02933
-1.92801
-1.80935
-1.67332
-1.51983
-1.34891
-1.1608
-0.956237
-0.73679
-0.505352
-0.266516
-0.0265441
0.207407
0.42864
0.632094
0.814731
0.975209
1.1133
1.22936
1.324
-0.173793
-0.292902
-0.385509
-0.448503
-0.480992
-0.484408
-0.462345
-0.420128
-0.364145
-0.301046
-0.236973
-0.176987
-0.124776
-0.0826728
-0.0518594
-0.0326779
-0.0249389
-0.0281809
-0.0418647
-0.0655031
-0.0987389
-0.141384
-0.19343
-0.255034
-0.326489
-0.408173
-0.500488
-0.603776
-0.71823
-0.843804
-0.980129
-1.12646
-1.28166
-1.44421
-1.61227
-1.78378
-1.9565
-2.12816
-2.29656
-2.45971
-2.61598
-2.76412
-2.90323
-3.03272
3.13111
3.02243
2.92511
2.84001
2.7681
2.71041
2.66792
2.64148
2.63177
2.63926
2.66422
2.70672
2.76667
2.84385
2.93796
3.04871
-3.10738
-2.96408
-2.80453
-2.62843
-2.43512
-2.22361
-1.99255
-1.74037
-1.46545
-1.16664
-0.844181
-0.50143
-0.146969
0.205018
0.538817
0.843307
1.11406
1.35122
1.55691
1.73364
1.88372
2.00905
2.11112
2.19105
2.24971
2.28772
2.3056
2.30373
2.28242
2.24195
2.18254
2.10439
2.00773
1.89277
1.75983
1.60931
1.44182
1.25826
1.06001
-2.95517
-3.08783
3.08135
2.98488
2.90513
2.84147
2.7934
2.76048
2.74233
2.73857
2.74888
2.77292
2.81039
2.86101
2.92455
3.0008
3.08968
-3.09203
-2.97779
-2.85048
-2.70948
-2.55392
-2.38249
-2.19353
-1.98492
-1.75423
-1.49884
-1.21641
-0.90572
-0.568403
-0.211565
0.150468
0.499131
0.819134
1.10293
1.3492
1.55973
1.7373
1.8848
2.00488
2.09986
2.17168
2.22196
2.25202
2.2629
2.2554
2.23009
2.18732
2.12722
2.04972
1.95452
1.84109
1.70874
1.55663
1.3839
1.18988
0.974412
0.738429
0.484768
0.218992
-0.0504154
-0.313285
-0.560216
-0.784602
-0.983036
-1.15452
-1.29946
-1.41892
-1.51421
-1.58661
-1.63734
-1.66743
-1.67773
-1.66892
-1.6415
-1.5958
-1.53199
-1.45012
-1.35015
-1.23205
-1.09587
-0.941946
-0.771125
-0.585113
-0.386821
-0.180605
0.0278534
0.232181
0.426311
0.605365
0.766042
0.906495
1.02596
1.12438
1.2021
1.25964
1.2976
1.31659
1.31715
-1.05828
-1.0677
-1.04359
-0.987249
-0.900844
-0.787162
-0.64942
-0.491111
-0.315908
-0.127593
0.0700453
0.273391
0.479244
0.685032
0.888905
1.08966
1.28659
1.47927
1.66742
1.85076
2.02902
2.20185
2.36889
2.52978
2.68423
2.83199
2.97285
3.10664
-3.05002
-2.93102
-2.81987
-2.71694
-2.62268
-2.53747
-2.46166
-2.39547
-2.33899
-2.29208
-2.25445
-2.22555
-2.20462
-2.1907
-2.18261
-2.17896
-2.17822
-2.17868
-2.17854
-2.17591
-2.16883
-2.15535
-2.13354
-2.10152
-2.05752
-1.99991
-1.9272
-1.8381
-1.73152
-1.60658
-1.46265
-1.29933
-1.11662
-0.915011
-0.695879
-0.461885
-0.217422
0.0313486
0.277242
0.51347
0.734927
0.938634
1.1234
1.28921
1.43667
1.56667
1.68016
1.77809
1.86132
1.93063
1.98671
2.03016
2.06152
2.08124
2.08973
2.0873
2.07424
2.05078
2.01708
1.97328
1.91945
1.85564
1.78183
1.69799
1.60408
1.50003
1.38582
1.26149
1.12719
0.983321
0.830574
0.290283
0.388622
0.477818
0.559885
0.636747
0.710153
0.781643
0.852541
0.923957
0.996792
1.07175
1.14934
1.2299
1.31357
1.40033
1.48998
1.58215
1.67632
1.77178
1.8677
1.96306
2.05671
2.14736
2.23357
2.31379
2.38636
2.44953
2.50149
2.54038
2.56431
2.5714
2.55975
2.5275
2.47278
2.39376
2.28869
2.15591
1.99404
1.80214
1.58
1.32846
1.04982
0.748596
0.432473
0.11283
-0.196818
-0.484708
-0.744085
-0.973233
-1.17351
-1.34746
-1.49775
-1.6267
-1.73606
-1.82709
-1.90054
-1.95674
-1.99567
-2.01703
-2.02026
-2.00465
-1.96931
-1.91328
-1.83555
-1.73509
-1.611
-1.46262
-1.28968
-1.09264
-0.873063
-0.634213
-0.381662
-0.123517
0.130415
0.370638
0.590042
0.784719
0.953436
1.09662
1.21549
1.31153
1.38615
1.44057
1.47574
1.49237
1.49086
1.47142
1.43401
1.37847
1.30449
1.21179
1.10013
0.969565
0.820592
0.654493
0.473657
0.281874
0.0843916
-0.112483
3.0726
3.05946
3.04863
3.03653
3.01965
2.99459
2.95808
2.90694
2.83812
2.74861
2.63544
2.4957
2.32656
2.12555
1.89091
1.62202
1.31989
0.98773
0.632093
0.264454
-0.0987623
-0.440694
-0.750622
-1.0258
-1.26849
-1.48273
-1.6726
-1.84151
-1.99208
-2.12618
-2.24505
-2.34938
-2.43945
-2.51522
-2.5764
-2.62254
-2.65306
-2.66727
-2.66445
-2.6438
-2.60448
-2.54558
-2.46613
-2.36512
-2.24148
-2.09415
-1.92221
-1.72499
-1.50231
-1.25476
-0.984149
-0.694267
-0.391822
-0.0868471
0.208693
0.484172
0.733046
0.953053
1.1447
1.30974
1.45015
1.56771
1.66384
1.73952
1.79537
1.83168
1.84847
1.84554
1.82255
1.77905
1.71453
1.62853
1.52063
1.39066
1.23876
1.06567
0.872929
0.663334
0.441272
0.21289
-0.0143117
-0.232618
-0.435507
-0.618553
-0.779472
-0.917594
-1.03323
-1.12714
-1.20024
-1.2534
-1.28734
-1.30261
-1.29959
-1.27848
-1.23938
-1.18229
-1.10723
-1.01431
-0.90386
-3.08586
-3.03621
-2.99079
-2.94798
-2.90619
-2.86382
-2.81936
-2.77129
-2.7182
-2.65871
-2.59154
-2.51547
-2.42936
-2.33214
-2.22284
-2.10053
-1.96434
-1.81346
-1.64713
-1.46471
-1.26575
-1.05023
-0.818874
-0.573705
-0.318627
-0.0596779
0.195567
0.439541
0.666317
0.87233
1.05609
1.21746
1.35705
1.47581
1.57478
1.65502
1.71757
1.7634
1.79345
1.80861
1.80974
1.79765
1.77311
1.73688
1.68964
1.63206
1.56475
1.48829
1.40322
1.31006
1.20934
1.1016
0.98747
0.867666
0.743088
0.614848
0.484319
0.353138
0.223178
0.0964609
-0.0249578
-0.139131
-0.244339
-0.339175
-0.422585
-0.493872
-0.55267
-0.598913
-0.632802
-0.65477
-0.66545
-0.665651
-0.656325
-0.638546
-0.613472
-0.582322
-0.546342
-0.506772
-0.464821
-0.421633
-0.378271
-0.335693
-0.294737
-0.256118
-0.22042
-0.188098
-0.15948
-0.13477
-0.114058
-0.09732
-0.0844282
-0.0751536
-0.0691746
-0.0660841
-0.0654003
-0.0665793
-0.0690301
-0.0721326
-0.0752572
1.82043
1.98464
2.14708
2.30708
2.46384
2.61644
2.76386
2.90507
3.03899
-3.11863
-3.00246
-2.89672
-2.8024
-2.7204
-2.65159
-2.59669
-2.55633
-2.53094
-2.52078
-2.52589
-2.54608
-2.5809
-2.62967
-2.6915
-2.7653
-2.8499
-2.94404
-3.04652
3.12699
3.0112
2.89033
2.76553
2.63814
2.50979
2.38243
2.25826
2.1396
2.02877
1.9279
1.83886
1.76319
1.70204
1.6562
1.62607
1.61173
1.61291
1.62901
1.65915
1.70215
1.75651
1.82047
1.89202
1.9689
2.04868
2.12882
2.20668
2.27966
2.34521
2.40092
2.44453
2.47399
2.48747
2.48335
2.46031
2.41727
2.35342
2.26825
2.16147
2.03299
1.88282
1.71102
1.51757
1.30241
1.06558
0.807609
0.53031
0.237852
-0.0624879
-0.361041
-0.64825
-0.917201
-1.16432
-1.38854
-1.5901
-1.76983
-1.92866
-2.06749
-2.18711
-2.2882
-2.3713
-2.43692
-2.48544
-2.51723
-2.5326
-2.53183
-2.51521
-2.48298
-2.43537
-2.37261
-0.120826
0.0545015
0.236412
0.422321
0.610123
0.798213
0.985433
1.17096
1.35419
1.53459
1.71167
1.88488
2.05364
2.21732
2.3753
2.52699
2.67188
2.80953
2.93956
3.06165
-3.10772
-3.00257
-2.90651
-2.82001
-2.74358
-2.67768
-2.6227
-2.57893
-2.5465
-2.52539
-2.51537
-2.51605
-2.52682
-2.54694
-2.57547
-2.61138
-2.6535
-2.7006
-2.75139
-2.80458
-2.85885
-2.91293
-2.96556
-3.01554
-3.06169
-3.1029
-3.1381
3.11689
3.09662
3.08512
3.08315
3.09134
3.11022
3.1402
-3.10159
-3.04856
-2.98378
-2.90716
-2.81866
-2.71825
-2.60587
-2.48144
-2.34483
-2.19586
-2.03428
-1.85983
-1.67224
-1.47135
-1.25721
-1.03033
-0.792086
-0.545167
-0.293967
-0.0445397
0.196241
0.422056
0.628268
0.812202
0.972753
1.10979
1.2237
1.31509
1.38463
1.43306
1.46114
1.46966
1.4595
1.43162
1.38708
1.32708
1.25291
1.16601
1.06798
0.96052
0.845516
0.724985
0.60108
0.476051
0.35219
0.98734
0.967093
0.921598
0.856307
0.775966
0.684531
0.585145
0.480171
0.371255
0.259402
0.145064
0.0282367
-0.0914457
-0.214617
-0.342089
-0.474761
-0.613544
-0.759287
-0.912729
-1.07446
-1.24491
-1.42439
-1.61307
-1.81109
-2.01859
-2.23574
-2.46282
-2.70028
-2.9488
3.0738
2.7996
2.50954
2.20054
1.8686
1.50913
1.11775
0.692647
0.239831
-0.220896
-0.660389
-1.05784
-1.4079
-1.7137
-1.98046
-2.2131
-2.41559
-2.591
-2.74164
-2.86917
-2.97476
-3.05924
-3.12322
3.11601
3.09167
3.08654
3.10021
3.13228
-3.10089
-3.03331
-2.94852
-2.84677
-2.7282
-2.5928
-2.44042
-2.27082
-2.08378
-1.87912
-1.65691
-1.41754
-1.162
-0.892292
-0.61203
-0.327012
-0.0451613
0.2248
0.475484
0.702294
0.903349
1.07854
1.22856
1.35429
1.45651
1.53579
1.59247
1.62678
1.63881
1.62867
1.5965
1.54255
1.46726
1.37132
1.25574
1.12196
0.971914
0.808181
0.634048
0.453552
0.271354
0.0923941
-3.13757
2.97976
2.80529
2.6212
2.42608
2.21806
1.99474
1.75322
1.49019
1.20232
0.887089
0.544642
0.180716
-0.190936
-0.551133
-0.883294
-1.17862
-1.43477
-1.65271
-1.83464
-1.98313
-2.10079
-2.19008
-2.25332
-2.29261
-2.30982
-2.30662
-2.28446
-2.24458
-2.18796
-2.11537
-2.02727
-1.92385
-1.80495
-1.67008
-1.51846
-1.34905
-1.16074
-0.952616
-0.724516
-0.477805
-0.216364
0.0527844
0.320101
0.575648
0.811441
1.02247
1.20631
1.36229
1.49071
1.5924
1.66847
1.7201
1.74854
1.75497
1.74048
1.70605
1.6525
1.58047
1.49039
1.38254
1.25701
1.11383
0.953089
0.775185
0.581196
0.37333
0.155338
-0.06739
-0.288335
-0.500913
-0.699566
-0.88033
-1.0408
-1.17977
-1.29683
-1.39204
-1.46577
-1.51849
-1.55079
-1.56323
-1.55638
-1.53077
-1.48685
-1.42503
-1.34564
-1.249
-1.13541
-1.00528
-0.859214
-0.698267
-0.524139
-0.339451
-0.147889
0.0458966
0.236742
0.419653
0.590434
0.746015
0.92922
0.886172
0.855297
0.837721
0.834151
0.844975
0.870338
0.910174
0.964217
1.03198
1.11272
1.20541
1.30868
1.42084
1.53985
1.66341
1.78894
1.91372
2.03495
2.14985
2.25573
2.35011
2.43076
2.49572
2.54328
2.57203
2.58081
2.56872
2.5351
2.47961
2.40211
2.30275
2.18179
2.03961
1.87656
1.69285
1.48846
1.26319
1.01685
0.749774
0.463757
0.16328
-0.143789
-0.44728
-0.737602
-1.00818
-1.25578
-1.47946
-1.67946
-1.85646
-2.01126
-2.14464
-2.25731
-2.3499
-2.42294
-2.47691
-2.51222
-2.52923
-2.52827
-2.50963
-2.47358
-2.42035
-2.35012
-2.26303
-2.15912
-2.03836
-1.90063
-1.74572
-1.57343
-1.38361
-1.17638
-0.952402
-0.713387
-0.462653
-0.205598
0.050478
0.297563
0.528688
0.739131
0.9265
1.0901
1.23019
1.34748
1.44278
1.51692
1.57061
1.60449
1.61915
1.61507
1.59276
1.5527
1.49537
1.42135
1.33128
1.22594
1.1063
0.973602
0.829445
0.675885
2.89831
2.69789
2.50178
2.30413
2.09946
1.88275
1.64958
1.39627
1.12032
0.821217
0.501786
0.169929
-0.161149
-0.476332
-0.764004
-1.01858
-1.23927
-1.42791
-1.58753
-1.72165
-1.83396
-1.92819
-2.00799
-2.07687
-2.13811
-2.19473
-2.24943
-2.30459
-2.36224
-2.42408
-2.49149
-2.56554
-2.64705
-2.7366
-2.83458
-2.94126
-3.0568
3.10188
2.96829
2.82548
2.67325
2.51134
2.33944
2.15717
1.96415
1.76001
1.54444
1.3174
1.07926
0.831252
0.57591
0.317516
0.0620488
-0.183645
-0.413271
-0.62223
-0.807891
-0.96916
-1.10588
-1.21837
-1.30717
-1.37289
-1.41623
-1.43797
-1.439
-1.42035
-1.3832
-1.32892
-1.25904
-1.1753
-1.0796
-0.973996
-0.860713
-0.742075
-0.620496
-0.498408
-0.378194
-0.262098
-0.15214
-0.050056
0.0427354
0.125128
0.196301
0.255675
0.30288
0.33772
0.360167
0.370364
0.368642
0.355549
0.331875
0.29868
0.257298
0.209332
0.156611
0.101126
0.0449421
-0.00990391
-0.0615029
-0.424366
-0.513453
-0.605093
-0.698474
-0.792665
-0.886609
-0.979123
-1.06891
-1.15456
-1.23463
-1.30759
-1.37193
-1.42616
-1.46887
-1.49871
-1.51448
-1.51513
-1.49975
-1.46765
-1.4183
-1.35137
-1.26672
-1.16443
-1.04482
-0.908457
-0.75634
-0.589974
-0.411572
-0.224184
-0.0316825
0.1615
0.350878
0.532479
0.703229
0.861052
1.00474
1.13371
1.2478
1.34708
1.43176
1.50207
1.55827
1.60058
1.62924
1.64441
1.64627
1.63494
1.61056
1.57321
1.523
1.46004
1.38442
1.29632
1.19596
1.08368
0.959996
0.825712
0.68198
0.530438
0.373272
0.213224
0.0534683
-0.102633
-0.251854
-0.391397
-0.519072
-0.633338
-0.733234
-0.818267
-0.888295
-0.943426
-0.983944
-1.01026
-1.02289
-1.0224
-1.00944
-0.984734
-0.949032
-0.903166
-0.848032
-0.7846
-0.713923
-0.637141
-0.555487
-0.470285
-0.382933
-0.294884
-0.207611
-0.122559
-0.0411027
0.0354989
0.106141
0.169897
0.226029
0.273996
0.313442
0.344193
0.366248
0.379762
-1.27542
-1.29214
-1.26571
-1.19631
-1.08569
-0.937596
-0.757995
-0.555201
-0.339543
-0.122338
0.0858599
0.27708
0.446837
0.593815
0.718891
0.824123
0.912017
0.985082
1.04559
1.09545
1.1362
1.16895
1.19442
1.21297
1.22459
1.22894
1.22537
1.2129
1.19031
1.15611
1.10863
1.04604
0.966518
0.868375
0.750332
0.611885
0.453797
0.278657
0.0913093
-0.101189
-0.290372
-0.467777
-0.626326
-0.761057
-0.869154
-0.949559
-1.0025
-1.02906
-1.03085
-1.00972
-0.967597
-0.906313
-0.827534
-0.732705
-0.623061
-0.499683
-0.363621
-0.216051
-0.0584732
0.107127
0.278191
0.451643
0.62409
0.792086
0.952371
1.10203
1.23852
1.35972
1.46385
1.54947
1.61543
1.66092
1.68537
1.68846
1.67012
1.63047
1.56978
1.48842
1.38686
1.26561
1.12524
0.966443
0.790176
0.597915
0.391975
0.175824
-0.0458334
-0.267437
-0.48338
-0.68888
-0.880466
-1.05597
-1.21425
-1.3548
-1.47751
-1.58247
-1.66984
-1.73984
-1.79268
0.46062
0.532258
0.585958
0.622442
0.64261
0.647366
0.637511
0.613688
0.576369
0.525886
0.462491
0.386452
0.298186
0.198417
0.088349
-0.0301882
-0.154656
-0.281845
-0.408055
-0.529375
-0.642008
-0.742541
-0.828123
-0.896544
-0.946235
-0.976227
-0.986076
-0.975784
-0.94572
-0.896538
-0.829115
-0.744504
-0.643914
-0.528724
-0.400522
-0.261176
-0.112885
0.0417975
0.20003
0.358827
0.515262
0.666658
0.810707
0.945515
1.06956
1.18165
1.2808
1.36625
1.43735
1.49357
1.53449
1.55976
1.56911
1.56234
1.53933
1.50002
1.4444
1.37254
1.28457
1.18071
1.0613
0.926906
0.778414
0.617188
0.445254
0.265437
0.0813756
-0.102706
-0.28244
-0.453841
-0.613707
-0.759768
-0.890605
-1.00546
-1.10405
-1.18637
-1.2526
-1.30299
-1.33788
-1.35759
-1.36249
-1.35291
-1.32923
-1.29181
-1.24104
-1.17736
-1.10125
-1.01331
-0.914257
-0.805006
-0.686727
-0.560899
-0.429363
-0.294322
-0.158282
-0.0239334
0.106041
0.229152
0.343264
1.68314
1.4274
1.14759
0.843612
0.517086
0.1732
-0.177944
-0.523088
-0.850681
-1.15428
-1.43205
-1.68464
-1.91358
-2.12053
-2.30696
-2.47415
-2.62312
-2.75469
-2.86952
-2.9681
-3.05081
-3.11797
3.11334
3.07645
3.05423
3.04629
3.0522
3.07141
3.10333
-3.13585
-3.08045
-3.01434
-2.93819
-2.85268
-2.75844
-2.65607
-2.54619
-2.42937
-2.30621
-2.17732
-2.0433
-1.90472
-1.76217
-1.61617
-1.46719
-1.31573
-1.16226
-1.00732
-0.851608
-0.69601
-0.541685
-0.390094
-0.242978
-0.102283
0.0299731
0.151849
0.261616
0.35786
0.439536
0.505991
0.556972
0.592616
0.613441
0.620325
0.614482
0.597423
0.570897
0.53683
0.497242
0.454168
0.40957
0.365271
0.322894
0.283822
0.249184
0.219847
0.196436
0.179343
0.168757
0.164673
0.16691
0.17512
0.188787
0.207229
0.229606
0.254924
0.282053
0.309754
0.336719
0.361611
0.383123
0.400023
0.411208
0.415739
0.412876
0.40209
0.383076
0.355745
0.320219
1.62866
1.61605
1.62
1.64064
1.67789
1.73154
1.80128
1.88669
1.98733
2.10272
2.23237
2.37583
2.53271
2.7027
2.88564
3.08157
-2.99237
-2.76908
-2.53049
-2.27469
-1.99909
-1.70046
-1.37522
-1.02036
-0.635518
-0.226836
0.189191
0.589191
0.954815
1.27896
1.56214
1.80768
2.01932
2.20043
2.35384
2.48184
2.58621
2.66835
2.72935
2.77004
2.79108
2.79298
2.77618
2.74101
2.68771
2.61641
2.52713
2.41972
2.29385
2.14902
1.9846
1.79982
1.59394
1.36644
1.11733
0.847789
0.561096
0.263649
-0.0347856
-0.322792
-0.590553
-0.832122
-1.04532
-1.23034
-1.38847
-1.52129
-1.6303
-1.71675
-1.78165
-1.82574
-1.84956
-1.85349
-1.83775
-1.80249
-1.74778
-1.67367
-1.58026
-1.46768
-1.33626
-1.18659
-1.0197
-0.837252
-0.641834
-0.437168
-0.228186
-0.0207236
0.17922
0.366386
0.536893
0.688377
0.819722
0.930651
1.02136
1.09226
1.14381
1.17646
1.19058
1.18649
1.16446
0.353618
0.317024
0.280451
0.242359
0.2012
0.155456
0.103701
0.044687
-0.0225269
-0.0983983
-0.18269
-0.274248
-0.370818
-0.468974
-0.564219
-0.651279
-0.724545
-0.778591
-0.808673
-0.811143
-0.783757
-0.725844
-0.638355
-0.523778
-0.385938
-0.229665
-0.0603337
0.116727
0.296859
0.47657
0.653738
0.82752
0.998052
1.1661
1.33274
1.49914
1.66639
1.83544
2.00705
2.1818
2.36012
2.54232
2.72868
2.91949
3.11516
-2.96701
-2.75999
-2.54623
-2.32496
-2.09544
-1.857
-1.60915
-1.35168
-1.08495
-0.81036
-0.530924
-0.251706
0.0204498
0.278241
0.51562
0.728742
0.915789
1.07624
1.2102
1.318
1.40005
1.45679
1.48873
1.49652
1.48101
1.44332
1.38482
1.30724
1.21259
1.10324
0.981825
0.851278
0.714727
0.575437
0.436675
0.301563
0.172908
0.0530739
-0.0560883
-0.153228
-0.237426
-0.308092
-0.364869
-0.407551
-0.436044
-0.450346
-0.45057
-0.436985
-0.410076
-0.370611
-0.319714
-0.25891
-0.190148
-0.115771
0.0245044
0.134969
0.24534
0.352644
0.455452
0.55368
0.648221
0.74056
0.83246
0.925718
1.02202
1.12286
1.22946
1.34281
1.46361
1.59233
1.72922
1.87436
2.02766
2.18893
2.35789
2.53421
2.71753
2.90746
3.10361
-2.9776
-2.77017
-2.55759
-2.34002
-2.11737
-1.88921
-1.65468
-1.41248
-1.16087
-0.89799
-0.622264
-0.333314
-0.0330412
0.273624
0.579325
0.876274
1.15812
1.42049
1.66052
1.87633
2.06666
2.23073
2.36828
2.47943
2.56462
2.62446
2.6597
2.67115
2.65968
2.62625
2.57186
2.49757
2.40443
2.29345
2.16547
2.02112
1.86068
1.68407
1.49079
1.27996
1.0506
0.801981
0.534525
0.250902
-0.0428871
-0.337666
-0.623177
-0.890876
-1.13531
-1.35376
-1.54521
-1.70959
-1.84731
-1.95904
-2.04557
-2.10778
-2.14657
-2.16286
-2.15755
-2.13146
-2.08537
-2.01994
-1.93572
-1.83305
-1.71212
-1.57289
-1.41515
-1.23858
-1.04298
-0.828574
-0.596584
-0.349932
-0.0938627
0.164134
-1.56401
-1.431
-1.28385
-1.12641
-0.961816
-0.792435
-0.619944
-0.445359
-0.269101
-0.0910709
0.0892343
0.272596
0.459924
0.652123
0.849989
1.05415
1.26505
1.48303
1.70831
1.94112
2.18175
2.43061
2.68833
2.9559
-3.04834
-2.75578
-2.44659
-2.11704
-1.76295
-1.38025
-0.966284
-0.523162
-0.0635194
0.387265
0.803232
1.17258
1.49601
1.77877
2.02636
2.24322
2.43263
2.59691
2.73766
2.85598
2.95269
3.02842
3.08376
3.11928
3.13562
3.13348
3.11363
3.07692
3.02422
2.95641
2.8744
2.77905
2.67122
2.5518
2.42175
2.28218
2.13433
1.97963
1.81962
1.65591
1.49016
1.32397
1.15887
0.99633
0.837757
0.684475
0.537747
0.39876
0.268629
0.148387
0.0389911
-0.0586807
-0.143831
-0.215757
-0.273883
-0.317803
-0.347339
-0.362609
-0.364094
-0.35269
-0.329737
-0.29701
-0.256669
-0.211155
-0.163055
-0.114941
-0.0692152
-0.0279871
0.0070094
0.0344443
0.053378
0.0632165
0.063654
0.0546138
0.036201
-0.29443
-0.384247
-0.461723
-0.524196
-0.568778
-0.592434
-0.592172
-0.565356
-0.510191
-0.42637
-0.315833
-0.18345
-0.0372588
0.112187
0.253477
0.376426
0.473645
0.541061
0.577578
0.584328
0.563871
0.519494
0.454687
0.372751
0.276562
0.168434
0.050085
-0.0773375
-0.213164
-0.35708
-0.508978
-0.668815
-0.836482
-1.01172
-1.19406
-1.38284
-1.57725
-1.77632
-1.97905
-2.18441
-2.39151
-2.59962
-2.80836
-3.01775
3.055
2.84287
2.6284
2.41126
2.19155
1.96984
1.74707
1.52446
1.30337
1.0853
0.871911
0.66499
0.466458
0.27826
0.10225
-0.0599128
-0.206804
-0.337206
-0.45004
-0.544298
-0.619007
-0.673251
-0.706233
-0.717383
-0.7065
-0.673918
-0.620663
-0.548604
-0.460532
-0.360148
-0.251909
-0.140707
-0.0314321
0.0714894
0.164459
0.24488
0.311141
0.362459
0.398669
0.420004
0.426916
0.419948
0.399647
0.366527
0.321073
0.263776
0.195206
0.116104
0.0274903
-0.0692295
-0.172194
-0.279065
-0.387088
-0.493229
-0.594351
-1.11093
-1.34292
-1.57284
-1.8018
-2.0307
-2.26027
-2.49103
-2.72338
-2.95763
3.08917
2.8504
2.6089
2.36412
2.11518
1.86079
1.59918
1.32812
1.04511
0.747874
0.435388
0.109354
-0.22452
-0.557105
-0.878752
-1.18211
-1.46274
-1.71822
-1.94724
-2.14915
-2.3238
-2.4715
-2.59289
-2.68886
-2.76034
-2.80825
-2.83352
-2.83701
-2.81963
-2.78231
-2.72602
-2.65174
-2.56043
-2.45296
-2.33008
-2.19227
-2.03973
-1.87228
-1.68929
-1.48973
-1.27226
-1.03546
-0.77844
-0.501779
-0.208881
0.092942
0.393052
0.680294
0.946076
1.18541
1.39612
1.57772
1.73057
1.85547
1.95343
2.02557
2.07307
2.09708
2.09873
2.07909
2.03913
1.97968
1.90143
1.80487
1.69027
1.55768
1.40691
1.23767
1.04967
0.842998
0.618565
0.378817
0.128382
-0.125824
-0.37554
-0.61292
-0.832027
-1.02925
-1.20289
-1.35244
-1.47813
-1.58051
-1.66028
-1.7182
-1.75504
-1.77149
-1.76821
-1.74577
-1.70465
-1.64523
2.45007
2.25571
2.04577
1.81677
1.56495
1.28656
0.978601
0.640471
0.276909
-0.0988938
-0.466533
-0.806631
-1.10805
-1.36751
-1.58595
-1.76598
-1.91072
-2.02333
-2.10686
-2.16414
-2.19773
-2.20993
-2.20278
-2.17803
-2.13713
-2.08128
-2.01135
-1.92788
-1.83108
-1.72079
-1.5965
-1.45738
-1.30231
-1.13003
-0.939402
-0.729834
-0.501934
-0.258392
-0.00470281
0.250942
0.499088
0.73116
0.940916
1.12463
1.28054
1.40816
1.50781
1.58031
1.62676
1.64841
1.6466
1.62264
1.57777
1.5131
1.42955
1.32785
1.20851
1.07191
0.918339
0.748261
0.562572
0.363013
0.15258
-0.0642845
-0.281953
-0.494396
-0.69613
-0.882862
-1.05164
-1.20062
-1.3288
-1.43572
-1.52126
-1.58555
-1.62887
-1.6516
-1.65419
-1.63709
-1.60079
-1.54572
-1.47229
-1.38086
-1.27174
-1.14526
-1.00183
-0.8421
-0.667195
-0.478997
-0.280442
-0.0756692
0.130181
0.331576
0.523411
0.70164
0.863494
1.00734
1.13237
1.23834
1.32532
0.380761
0.334436
0.285758
0.235867
0.185609
0.135595
0.0862613
0.0379213
-0.00919058
-0.0548808
-0.0989641
-0.141234
-0.181437
-0.21925
-0.254254
-0.285918
-0.31358
-0.336429
-0.353496
-0.363654
-0.365631
-0.358043
-0.339456
-0.308499
-0.264026
-0.205344
-0.132508
-0.0466487
0.0497434
0.152686
0.256856
0.356066
0.443996
0.514952
0.564473
0.58965
0.589181
0.56323
0.513151
0.441162
0.350008
0.24265
0.122001
-0.00927804
-0.148908
-0.29506
-0.44635
-0.601783
-0.760653
-0.922439
-1.0867
-1.25297
-1.42074
-1.58941
-1.75823
-1.92639
-2.09301
-2.25716
-2.41794
-2.57456
-2.72633
-2.87269
-3.01322
3.13565
3.0079
2.88718
2.77402
2.66905
2.57294
2.4864
2.41002
2.34431
2.2896
2.246
2.21339
2.19141
2.17946
2.17668
2.18199
2.19408
2.21144
2.23241
2.25518
2.27782
2.29836
2.31478
2.32508
2.32729
2.31954
2.30006
2.2672
2.2195
2.15566
2.07459
1.97538
1.85729
1.71975
1.56233
1.38475
3.00851
2.893
2.77507
2.64709
2.50197
2.3334
2.1361
1.90597
1.64011
1.33682
0.995865
0.619796
0.216854
-0.196254
-0.597997
-0.972553
-1.31486
-1.62702
-1.91377
-2.18024
-2.43115
-2.67071
-2.90268
-3.13038
2.92633
2.6983
2.46607
2.22716
1.97917
1.71983
1.44712
1.15962
0.857221
0.542212
0.220604
-0.0976762
-0.401051
-0.680086
-0.929584
-1.14798
-1.33579
-1.49437
-1.62539
-1.73056
-1.81163
-1.87039
-1.90867
-1.92838
-1.93148
-1.91998
-1.89589
-1.86121
-1.81788
-1.76776
-1.71257
-1.65388
-1.59307
-1.5313
-1.4695
-1.40836
-1.34833
-1.2896
-1.23217
-1.17581
-1.12011
-1.06451
-1.00833
-0.950794
-0.891119
-0.828522
-0.762299
-0.691874
-0.616865
-0.537131
-0.452824
-0.364409
-0.272671
-0.178676
-0.0837114
0.0108208
0.103512
0.193064
0.278383
0.358637
0.433283
0.502055
0.564928
0.622069
0.67378
0.720443
0.762471
0.800261
0.834162
0.864444
0.891284
0.914748
0.934789
0.951244
0.963842
1.75621
1.56868
1.39789
1.24374
1.10604
0.984463
0.878554
0.787715
0.711241
0.648341
0.598155
0.559751
0.532102
0.51405
0.504256
0.501141
0.502853
0.507244
0.511896
0.514205
0.511506
0.501256
0.481235
0.449747
0.405778
0.349094
0.280249
0.200493
0.1116
0.0156311
-0.0853312
-0.189416
-0.295142
-0.401502
-0.507971
-0.614437
-0.721096
-0.828335
-0.93661
-1.04635
-1.15787
-1.27133
-1.38667
-1.50363
-1.62172
-1.74026
-1.85837
-1.97504
-2.08915
-2.19952
-2.30495
-2.40425
-2.49632
-2.58007
-2.65455
-2.71884
-2.77211
-2.81361
-2.84263
-2.85853
-2.86077
-2.84885
-2.82238
-2.78104
-2.7246
-2.65287
-2.56572
-2.463
-2.34456
-2.21017
-2.05953
-1.89224
-1.70782
-1.50577
-1.28571
-1.04771
-0.792778
-0.523622
-0.245446
0.0339051
0.305175
0.560018
0.792809
1.00086
1.18359
1.34152
1.47564
1.58702
1.67671
1.74561
1.79454
1.82421
1.83529
1.82838
1.80406
1.76292
1.70553
1.63251
1.5445
0.824857
0.983321
1.1082
1.20368
1.27499
1.32779
1.36768
1.39992
1.42925
1.45975
1.49487
1.5374
1.58953
1.65294
1.72884
1.81807
1.92114
2.03832
2.16968
2.31516
2.47463
2.64796
2.83508
3.03609
-3.03186
-2.80169
-2.5554
-2.29121
-2.00677
-1.69925
-1.36574
-1.00414
-0.615379
-0.207115
0.203436
0.594213
0.949494
1.26423
1.53998
1.78043
1.98934
2.16986
2.32446
2.45499
2.56281
2.64896
2.71422
2.75921
2.78447
2.79051
2.7778
2.74679
2.69796
2.63172
2.54848
2.44861
2.33248
2.20044
2.05291
1.8904
1.71354
1.52318
1.32043
1.10678
0.88432
0.655973
0.425639
0.198139
-0.0212636
-0.227643
-0.417116
-0.587122
-0.736263
-0.863933
-0.969958
-1.05436
-1.1172
-1.15858
-1.17863
-1.17754
-1.15567
-1.11357
-1.05207
-0.972369
-0.876102
-0.76538
-0.642849
-0.511675
-0.375465
-0.238095
-0.103442
0.0249147
0.143952
0.25135
0.345496
0.425399
0.490535
0.540703
0.575904
0.435927
0.58664
0.6972
0.764054
0.785926
0.763999
0.702075
0.606555
0.486064
0.35064
0.210513
0.0747461
-0.0498382
-0.159089
-0.251304
-0.326618
-0.386325
-0.432307
-0.466644
-0.491364
-0.50831
-0.519079
-0.525001
-0.527144
-0.526327
-0.523149
-0.517997
-0.511077
-0.50242
-0.491898
-0.479229
-0.463989
-0.445611
-0.423392
-0.396503
-0.364002
-0.324861
-0.278007
-0.222394
-0.157111
-0.0815235
0.00452614
0.100495
0.204914
0.315229
0.427778
0.537964
0.640613
0.730431
0.802475
0.852541
0.877433
0.875108
0.844729
0.786618
0.702148
0.593596
0.463958
0.316765
0.155868
-0.0148034
-0.19153
-0.371089
-0.550966
-0.729436
-0.905484
-1.07864
-1.24877
-1.41592
-1.58015
-1.74145
-1.89974
-2.0548
-2.20633
-2.35393
-2.49721
-2.63574
-2.76916
-2.89712
-3.0193
-3.1354
3.03806
2.93507
2.83919
2.75079
2.67026
2.59794
2.53407
2.4788
2.43212
2.39384
2.3636
2.34087
2.32488
2.31472
2.3093
2.30734
2.30745
2.30813
-2.87682
-3.06416
3.02841
2.83047
2.62162
2.39871
2.15893
1.89971
1.61863
1.3136
0.983347
0.628967
0.256365
-0.121694
-0.488017
-0.828352
-1.13607
-1.41066
-1.65442
-1.8704
-2.06151
-2.23033
-2.37908
-2.50973
-2.62402
-2.72356
-2.80984
-2.88432
-2.94839
-3.00343
-3.05076
-3.09173
-3.12765
3.1234
3.09376
3.0654
3.03711
3.00774
2.97619
2.94138
2.90232
2.85805
2.80769
2.75039
2.68537
2.6119
2.52928
2.43686
2.33399
2.22006
2.09445
1.95657
1.8058
1.64158
1.46341
1.27099
1.06437
0.844294
0.612588
0.372628
0.129544
-0.110187
-0.339859
-0.553865
-0.748447
-0.921668
-1.07292
-1.20242
-1.31078
-1.39886
-1.46756
-1.51785
-1.55069
-1.56705
-1.56791
-1.55425
-1.52707
-1.48734
-1.43605
-1.37418
-1.30268
-1.22253
-1.13467
-1.04007
-0.939724
-0.834669
-0.726011
-0.614944
-0.502766
-0.390873
-0.280741
-0.173883
-0.0717951
0.0241092
0.112556
0.192461
0.262959
0.32342
0.373459
-3.08869
-3.1101
-3.11982
-3.12001
-3.11286
-3.10056
-3.08531
-3.06923
-3.0544
-3.04278
-3.03622
-3.03643
-3.04496
-3.06317
-3.09226
-3.13322
3.09633
3.02938
2.94861
2.85365
2.74418
2.61993
2.4806
2.3258
2.15507
1.9678
1.76325
1.54066
1.29939
1.03933
0.76154
0.469305
0.169082
-0.129553
-0.415975
-0.681604
-0.921574
-1.13426
-1.31998
-1.47986
-1.61526
-1.72746
-1.81762
-1.88672
-1.93561
-1.96506
-1.97576
-1.96835
-1.94348
-1.90178
-1.84388
-1.77045
-1.6822
-1.57986
-1.46426
-1.33633
-1.19711
-1.04787
-0.890156
-0.725868
-0.557357
-0.387425
-0.219241
-0.0561395
0.0986693
0.242377
0.372752
0.488176
0.587585
0.670346
0.736156
0.784949
0.816848
0.832146
0.831306
0.814975
0.784006
0.739485
0.682744
0.615379
0.539243
0.456421
0.369175
0.279873
0.190883
0.104467
0.0226769
-0.052717
-0.120271
-0.178874
-0.227723
-0.266287
-0.294265
-0.311551
-0.318203
-0.314432
-0.3006
-0.277229
-0.245012
-2.39842
-2.61881
-2.84641
-3.08185
2.95709
2.70271
2.43654
2.15671
1.86131
1.54861
1.21748
0.868376
0.505067
0.136577
-0.223059
-0.559557
-0.864007
-1.13378
-1.36992
-1.57467
-1.75024
-1.89841
-2.02051
-2.11752
-2.19023
-2.23932
-2.26548
-2.26945
-2.25207
-2.21427
-2.15714
-2.08189
-1.98989
-1.88266
-1.7619
-1.62943
-1.48722
-1.33731
-1.18181
-1.02288
-0.862728
-0.703579
-0.547658
-0.397129
-0.254027
-0.120177
0.00285106
0.113763
0.211519
0.2953
0.364469
0.418553
0.457241
0.480412
0.488181
0.480955
0.459497
0.424973
0.378987
0.323569
0.261126
0.194334
0.125998
0.0588745
-0.00449215
-0.0619025
-0.111582
-0.152203
-0.182859
-0.203008
-0.212405
-0.211032
-0.19905
-0.17676
-0.14459
-0.103098
-0.0529909
0.00484507
0.0693153
0.139094
0.212619
0.288111
0.363623
0.437111
0.50652
0.569874
0.625354
0.671362
0.706557
0.729882
0.740564
0.73811
0.722289
0.693118
0.650841
0.595915
0.529006
0.450985
0.362937
3.06531
2.91778
2.78173
2.65709
2.54388
2.44214
2.35191
2.27324
2.20614
2.1506
2.10655
2.0739
2.0525
2.04216
2.04264
2.05365
2.07487
2.10592
2.14641
2.19589
2.25388
2.31988
2.39336
2.47377
2.56054
2.6531
2.75087
2.85328
2.95978
3.06982
-3.10028
-2.98459
-2.86665
-2.74676
-2.62506
-2.50156
-2.37608
-2.24822
-2.11735
-1.98253
-1.84254
-1.69582
-1.54048
-1.37433
-1.19499
-1.00004
-0.787417
-0.556087
-0.307037
-0.0444068
0.223999
0.487763
0.736345
0.961315
1.15709
1.32051
1.45018
1.54588
1.60824
1.63854
1.63846
1.61001
1.55529
1.47644
1.37548
1.25421
1.11413
0.956507
0.782366
0.592749
0.389002
0.173171
-0.0516591
-0.281313
-0.510908
-0.735565
-0.95104
-1.15402
-1.34207
-1.5134
-1.66672
-1.80104
-1.9156
-2.00988
-2.08353
-2.13636
-2.16833
-2.1795
-2.17007
-2.14029
-2.09047
-2.02095
-1.93204
-1.824
-1.697
-1.5511
-1.38625
-1.20241
-0.999673
0.832271
0.896387
0.94742
0.985716
1.01127
1.02375
1.02249
1.0066
0.975002
0.926503
0.859971
0.774489
0.669618
0.545709
0.404283
0.248391
0.0827861
-0.086277
-0.251742
-0.40677
-0.545668
-0.664385
-0.76054
-0.833152
-0.88228
-0.908678
-0.913517
-0.898167
-0.86404
-0.81248
-0.744706
-0.661789
-0.564682
-0.454288
-0.331583
-0.197764
-0.0544124
0.0963699
0.251919
0.409088
0.564449
0.714555
0.856176
0.986455
1.10298
1.20376
1.28724
1.35223
1.39787
1.42361
1.42916
1.41447
1.37968
1.3251
1.25115
1.15838
1.04742
0.919047
0.774235
0.614322
0.441181
0.257419
0.066481
-0.127459
-0.319876
-0.506444
-0.683515
-0.848356
-0.99912
-1.13467
-1.25437
-1.35789
-1.44511
-1.51601
-1.57063
-1.60905
-1.63136
-1.63768
-1.62812
-1.60281
-1.56187
-1.50544
-1.43367
-1.34674
-1.24487
-1.12842
-0.997878
-0.854053
-0.69816
-0.532007
-0.358137
-0.179864
-0.00113276
0.173844
0.341067
0.497182
0.639693
0.766962
0.878062
-1.68867
-1.56866
-1.42208
-1.25039
-1.0551
-0.837866
-0.600775
-0.34686
-0.0806405
0.191761
0.46341
0.72801
0.981051
1.22
1.44377
1.65215
1.84525
2.02332
2.18661
2.33531
2.46959
2.58956
2.69534
2.78696
2.86446
2.92781
2.97698
3.01194
3.03268
3.03921
3.0316
3.00996
2.97447
2.92533
2.86277
2.78704
2.69836
2.59693
2.48291
2.35638
2.21743
2.06606
1.90228
1.72611
1.53764
1.33713
1.12516
0.902904
0.672446
0.437113
0.201592
-0.0284371
-0.247185
-0.449762
-0.632767
-0.794278
-0.933476
-1.05022
-1.14473
-1.21741
-1.26877
-1.29937
-1.30988
-1.30109
-1.27389
-1.22937
-1.16877
-1.09354
-1.00536
-0.906088
-0.79783
-0.682876
-0.56369
-0.442841
-0.322917
-0.20641
-0.0956015
0.00752985
0.101365
0.184651
0.256473
0.316205
0.363457
0.398031
0.419899
0.429188
0.426197
0.411408
0.38552
0.349474
0.304474
0.251992
0.19375
0.131674
0.0678233
0.00429509
-0.0568784
-0.113826
-0.164913
1.17345
0.952768
0.71253
0.45367
0.179789
-0.102062
-0.382028
-0.649812
-0.897223
-1.11915
-1.31309
-1.47819
-1.61458
-1.7229
-1.80413
-1.85939
-1.88993
-1.89698
-1.88177
-1.84545
-1.78905
-1.71345
-1.6193
-1.50706
-1.37696
-1.22904
-1.06327
-0.879718
-0.678956
-0.462505
-0.233424
0.00332189
0.241105
0.472685
0.691585
0.893007
1.07396
1.23287
1.36913
1.48268
1.5738
1.64295
1.69068
1.71758
1.72424
1.71123
1.67909
1.62827
1.55916
1.47208
1.36724
1.24487
1.10521
0.948672
0.776067
0.588882
0.389626
0.182093
-0.0286624
-0.236821
-0.436665
-0.623426
-0.793716
-0.945487
-1.07773
-1.19011
-1.28272
-1.35588
-1.40998
-1.44547
-1.46281
-1.4624
-1.44464
-1.40989
-1.3585
-1.29081
-1.20717
-1.10803
-0.993954
-0.865767
-0.724646
-0.572287
-0.41104
-0.243975
-0.0748137
0.0923466
0.253442
0.404873
0.543789
0.668172
0.77675
0.868836
0.944157
1.00271
1.04464
1.07024
1.07982
1.07375
1.05245
1.58808
1.63444
1.6734
1.7008
1.7125
1.70446
1.67297
1.61482
1.52742
1.40903
1.25884
1.0771
0.865327
0.626607
0.366107
0.0914164
-0.187954
-0.462429
-0.724704
-0.970904
-1.20016
-1.41349
-1.61284
-1.80044
-1.9785
-2.14904
-2.31387
-2.47454
-2.63239
-2.78859
-2.94414
-3.09995
3.02632
2.86754
2.70611
2.54132
2.37243
2.19872
2.01947
1.83396
1.64154
1.44164
1.23393
1.01852
0.796208
0.568872
0.339685
0.113124
-0.105526
-0.311051
-0.499151
-0.666855
-0.812465
-0.935257
-1.03518
-1.11262
-1.1683
-1.20321
-1.21855
-1.21574
-1.19639
-1.1623
-1.11537
-1.05764
-0.991166
-0.918023
-0.840245
-0.759773
-0.678416
-0.597821
-0.51944
-0.444519
-0.374092
-0.308985
-0.249831
-0.197085
-0.151042
-0.11185
-0.0795258
-0.0539519
-0.034882
-0.0219361
-0.0145985
-0.0122171
-0.0140109
-0.0190835
-0.0264477
-0.0350576
-0.0438476
-0.0517744
-0.0578577
-0.0612155
-0.0610923
-0.0568763
-0.0481079
-0.03448
-0.0158319
0.00785995
0.0364917
-0.168075
-0.252434
-0.339472
-0.430145
-0.524826
-0.623151
-0.72388
-0.824807
-0.922742
-1.01359
-1.09252
-1.15421
-1.19321
-1.20426
-1.18279
-1.12525
-1.02959
-0.895596
-0.725224
-0.522901
-0.295661
-0.0528412
0.195108
0.438697
0.671323
0.889924
1.09438
1.28644
1.46879
1.64443
1.81636
1.98732
2.15977
2.33585
2.51742
2.70604
2.90313
3.10993
-2.9555
-2.72548
-2.48175
-2.22257
-1.94594
-1.64965
-1.33155
-0.990395
-0.627507
-0.249417
0.130303
0.494167
0.82847
1.12739
1.3909
1.62142
1.82181
1.99466
2.14208
2.26577
2.36713
2.44735
2.5075
2.54861
2.57168
2.57773
2.56781
2.54296
2.50427
2.45283
2.38976
2.31617
2.2332
2.14199
2.04366
1.93932
1.83002
1.71675
1.60041
1.48178
1.36156
1.24033
1.11858
0.996754
0.875271
0.754573
0.635172
0.517689
0.402881
0.291651
0.185031
0.084142
-0.00987631
-0.0959361
-0.173082
-0.24056
-0.297869
-0.344802
-0.381453
-0.408223
-0.425795
-2.30832
-2.11883
-1.91698
-1.70513
-1.48542
-1.25952
-1.02866
-0.793627
-0.554842
-0.312499
-0.0667146
0.182349
0.43441
0.689092
0.946008
1.20485
1.46544
1.72773
1.99179
2.25784
2.52633
2.79807
3.07448
-2.92551
-2.63281
-2.32765
-2.00736
-1.66985
-1.31399
-0.940355
-0.552933
-0.161324
0.219416
0.574313
0.89493
1.17985
1.43128
1.65218
1.8451
2.01182
2.15344
2.27056
2.36346
2.43233
2.47729
2.49858
2.49652
2.47158
2.42438
2.35569
2.26646
2.15789
2.03139
1.88871
1.73189
1.56325
1.38535
1.20092
1.01285
0.824115
0.637752
0.456763
0.283961
0.121806
-0.0277172
-0.163124
-0.283363
-0.387694
-0.475548
-0.546432
-0.599877
-0.635437
-0.65273
-0.651523
-0.631836
-0.594074
-0.539162
-0.468663
-0.384865
-0.290789
-0.190092
-0.0868419
0.0148042
0.110964
0.198336
0.274378
0.337351
0.386238
0.420607
0.440444
0.446013
0.437738
0.416122
0.381711
0.335078
0.276853
0.207774
0.128752
0.0409561
-0.300713
-0.480004
-0.641206
-0.780525
-0.89595
-0.986833
-1.05346
-1.09669
-1.1177
-1.11778
-1.09822
-1.06022
-1.00483
-0.93293
-0.84525
-0.742415
-0.625051
-0.493936
-0.350196
-0.195531
-0.0323923
0.135957
0.305584
0.472231
0.631751
0.78047
0.915385
1.0342
1.13526
1.21744
1.28003
1.32268
1.34531
1.34804
1.33115
1.29505
1.24021
1.16717
1.07652
0.968905
0.845092
0.706067
0.553178
0.38832
0.214096
0.0338824
-0.148314
-0.328216
-0.501752
-0.665469
-0.816725
-0.953678
-1.07514
-1.18041
-1.26911
-1.34108
-1.3963
-1.43482
-1.45675
-1.46227
-1.45153
-1.42473
-1.38209
-1.32384
-1.25024
-1.16162
-1.05839
-0.941139
-0.81071
-0.668313
-0.515665
-0.355108
-0.189645
-0.0228324
0.141494
0.299603
0.448237
0.58484
0.70761
0.815405
0.907603
0.983952
1.04445
1.08923
1.11857
1.13278
1.13223
1.11732
1.08851
1.0463
0.991271
0.924098
0.84558
0.756683
0.658579
0.552685
0.440693
0.324563
0.206491
0.235745
0.353654
0.479543
0.612965
0.752695
0.896693
1.04213
1.18549
1.32277
1.44961
1.56156
1.65419
1.72336
1.76535
1.777
1.75587
1.70031
1.60953
1.48359
1.32335
1.13044
0.907248
0.657127
0.38489
0.0973293
-0.196918
-0.488864
-0.771404
-1.04059
-1.29534
-1.53633
-1.76505
-1.9832
-2.19244
-2.3942
-2.58977
-2.78026
-2.96665
3.13333
2.95248
2.77322
2.59484
2.41671
2.23824
2.05888
1.87811
1.69541
1.51032
1.32247
1.13168
0.938141
0.742521
0.546205
0.351383
0.161012
-0.0214321
-0.192381
-0.348607
-0.487527
-0.607314
-0.706862
-0.7857
-0.843897
-0.881999
-0.900981
-0.902208
-0.887397
-0.858563
-0.817959
-0.767993
-0.711147
-0.64988
-0.586545
-0.523302
-0.462063
-0.404446
-0.351763
-0.305017
-0.264925
-0.231947
-0.206315
-0.188056
-0.177018
-0.172876
-0.175136
-0.183138
-0.196051
-0.212881
-0.23248
-0.253572
-0.274794
-0.29474
-0.312022
-0.32533
-0.333488
-0.335503
-0.330595
-0.318219
-0.298068
1.01109
1.03276
1.03802
1.02751
1.00199
0.962347
0.909612
0.844982
0.769833
0.685726
0.594412
0.497816
0.398004
0.297127
0.19734
0.100711
0.00914054
-0.0757152
-0.152481
-0.220074
-0.277693
-0.324789
-0.361034
-0.386294
-0.400608
-0.404181
-0.397377
-0.380728
-0.354942
-0.320909
-0.279706
-0.232587
-0.180963
-0.126371
-0.0704202
-0.0147359
0.0391061
0.0896388
0.135553
0.175731
0.209267
0.235468
0.253846
0.264106
0.26613
0.25996
0.245786
0.223941
0.194897
0.159263
0.117786
0.0713466
0.0209574
-0.0322562
-0.0870759
-0.142223
-0.196395
-0.248309
-0.29674
-0.340559
-0.378761
-0.410485
-0.435026
-0.451838
-0.460536
-0.460888
-0.452811
-0.436366
-0.411753
-0.379306
-0.339495
-0.292923
-0.240325
-0.182566
-0.120632
-0.0556124
0.0113172
0.0789287
0.145975
0.211229
0.273519
0.331758
0.384972
0.432312
0.473064
0.506646
0.532609
0.550628
0.560499
0.562127
0.555529
0.540825
0.518243
0.488113
0.450878
0.407091
0.357418
0.302638
0.24364
-0.265967
-0.464839
-0.663065
-0.85949
-1.05395
-1.24692
-1.43921
-1.63176
-1.82544
-2.02106
-2.21925
-2.4206
-2.62559
-2.83475
-3.04867
3.01507
2.78919
2.5558
2.31376
2.06191
1.7992
1.52478
1.2383
0.940365
0.63341
0.32259
0.0159955
-0.276844
-0.547736
-0.791698
-1.00681
-1.19297
-1.35087
-1.48133
-1.5851
-1.66282
-1.71511
-1.74258
-1.74597
-1.72619
-1.68434
-1.62178
-1.54011
-1.44121
-1.32722
-1.2005
-1.06364
-0.919417
-0.770767
-0.620699
-0.472224
-0.32822
-0.191296
-0.0636699
0.0528894
0.15706
0.247905
0.324779
0.387249
0.435023
0.467922
0.485882
0.488978
0.477479
0.451916
0.413149
0.362436
0.301469
0.232382
0.157695
0.0802026
0.00281281
-0.0716437
-0.140593
-0.201856
-0.253721
-0.294954
-0.324765
-0.342733
-0.348738
-0.342883
-0.325441
-0.296816
-0.25753
-0.208223
-0.149673
-0.08283
-0.00884638
0.0708968
0.154782
0.240975
0.327471
0.412177
0.492993
0.567908
0.635076
0.692872
0.739927
0.775143
-0.782571
-0.752257
-0.723626
-0.698134
-0.676899
-0.66071
-0.650039
-0.645067
-0.645697
-0.651572
-0.66209
-0.676414
-0.693486
-0.712052
-0.730683
-0.747819
-0.761817
-0.77101
-0.773777
-0.768607
-0.754169
-0.729375
-0.693437
-0.645903
-0.586689
-0.516098
-0.434812
-0.343883
-0.244689
-0.138877
-0.028279
0.0851954
0.199672
0.313415
0.424911
0.532905
0.636405
0.734654
0.827078
0.913236
0.992769
1.06535
1.13066
1.18836
1.23808
1.27942
1.31193
1.33514
1.34858
1.35176
1.34419
1.32542
1.29504
1.2527
1.19811
1.13112
1.05167
0.959904
0.856163
0.74108
0.61564
0.481259
0.339834
0.193744
0.0457611
-0.10113
-0.243985
-0.380154
-0.507456
-0.62426
-0.72946
-0.822396
-0.902757
-0.970481
-1.02568
-1.06857
-1.09945
-1.11866
-1.12654
-1.12347
-1.10981
-1.08594
-1.05226
-1.00915
-0.957056
-0.896448
-0.827866
-0.751939
-0.669407
-0.581149
-0.488203
-0.391771
-0.293217
-0.194035
-0.0957979
-9.39798e-05
0.0915516
0.177746
0.257286
0.685433
0.465292
0.226158
-0.0242189
-0.277615
-0.526846
-0.767044
-0.995975
-1.21349
-1.42073
-1.61941
-1.81144
-1.99863
-2.18264
-2.36489
-2.54662
-2.72888
-2.91262
-3.09872
2.99514
2.80174
2.60338
2.39916
2.18818
1.96957
1.7425
1.5063
1.26059
1.00563
0.742753
0.474969
0.207296
-0.0535853
-0.300609
-0.527894
-0.731606
-0.909829
-1.06195
-1.18806
-1.28862
-1.36428
-1.4158
-1.44411
-1.45029
-1.43565
-1.40169
-1.35012
-1.28288
-1.20208
-1.10997
-1.00893
-0.901403
-0.789825
-0.676604
-0.564036
-0.454251
-0.349153
-0.250384
-0.159297
-0.0769669
-0.00421129
0.0583767
0.110393
0.151599
0.181904
0.201374
0.210242
0.208935
0.198102
0.178635
0.151686
0.118657
0.0811693
0.0410066
3.74615e-05
-0.0398773
-0.0769766
-0.10968
-0.136644
-0.156801
-0.169359
-0.173793
-0.169821
-0.15737
-0.136551
-0.107629
-0.0710124
-0.0272443
0.0229975
0.0788956
0.139487
0.203664
0.270178
0.33766
0.404649
0.469633
0.531094
0.587553
0.637618
-1.87057
-1.7745
-1.68948
-1.61513
-1.5508
-1.49556
-1.44818
-1.4072
-1.37089
-1.33732
-1.30436
-1.26975
-1.23114
-1.1862
-1.13269
-1.06855
-0.992078
-0.901988
-0.79759
-0.678903
-0.546779
-0.402982
-0.250175
-0.0917764
0.0683671
0.226439
0.379124
0.52394
0.659361
0.784741
0.90013
1.00606
1.10336
1.19298
1.27589
1.35298
1.42502
1.49261
1.55619
1.61598
1.67204
1.72421
1.7722
1.81557
1.85371
1.88595
1.91151
1.92955
1.9392
1.93956
1.92974
1.90885
1.87606
1.83058
1.77169
1.69872
1.61112
1.50841
1.39024
1.25644
1.10705
0.942456
0.763597
0.572172
0.370904
0.163671
-0.0446745
-0.248868
-0.444029
-0.626323
-0.793208
-0.943315
-1.07614
-1.19175
-1.29053
-1.37301
-1.43981
-1.49157
-1.5289
-1.5524
-1.56263
-1.56011
-1.54532
-1.51872
-1.48072
-1.43172
-1.3721
-1.30222
-1.22246
-1.13324
-1.03506
-0.928499
-0.814329
-0.693532
-0.567366
-0.4374
-0.305516
-0.173858
-0.0447267
-1.11187
-0.893042
-0.653067
-0.395358
-0.124036
0.155853
0.438756
0.71963
0.99488
1.26259
1.52212
1.77359
2.01741
2.2541
2.48418
2.70825
2.92699
3.14119
-2.93155
-2.72412
-2.51925
-2.3167
-2.11654
-1.91903
-1.72452
-1.53342
-1.34616
-1.16319
-0.98498
-0.812113
-0.645284
-0.48535
-0.333345
-0.190471
-0.0580547
0.0625116
0.169846
0.262658
0.339833
0.400511
0.444175
0.470727
0.480563
0.474624
0.454412
0.421971
0.379802
0.33074
0.277777
0.223876
0.171786
0.123904
0.0821842
0.0481155
0.0227467
0.00674543
0.0004703
0.00404021
0.0173888
0.0402981
0.0724102
0.113218
0.162038
0.217979
0.279904
0.346409
0.415817
0.486209
0.55547
0.621379
0.681694
0.73426
0.777089
0.808442
0.82688
0.831298
0.820946
0.795421
0.754669
0.698959
0.628871
0.54528
0.449346
0.34251
0.226481
0.103219
-0.0251174
-0.156253
-0.287908
-0.417911
-0.544303
-0.665395
-0.779781
-0.886316
-0.984075
-1.0723
-1.15035
-1.21768
-1.27381
1.12488
1.10954
1.06588
1.00022
0.918131
0.824343
0.72271
0.616269
0.507301
0.397415
0.287647
0.178557
0.0703269
-0.0371412
-0.144137
-0.251058
-0.358341
-0.466397
-0.575559
-0.686035
-0.797876
-0.910941
-1.02488
-1.1391
-1.2528
-1.36489
-1.47405
-1.57869
-1.67693
-1.76666
-1.84547
-1.91074
-1.95962
-1.98905
-1.99586
-1.97682
-1.92869
-1.84837
-1.73304
-1.5805
-1.38945
-1.16014
-0.895077
-0.600269
-0.286491
0.0306054
0.333709
0.609401
0.851232
1.05856
1.23388
1.38087
1.50333
1.60476
1.68816
1.75599
1.81024
1.85238
1.88349
1.90421
1.91486
1.9154
1.90551
1.88456
1.85166
1.80566
1.74517
1.66861
1.57419
1.46006
1.32438
1.16554
0.982502
0.775308
0.54589
0.298979
0.0426762
-0.212217
-0.454467
-0.675067
-0.868525
-1.03253
-1.16693
-1.2728
-1.35183
-1.40596
-1.43712
-1.44711
-1.43756
-1.40981
-1.36492
-1.30365
-1.22648
-1.13361
-1.02502
-0.900626
-0.76038
-0.604565
-0.434117
-1.49747
-1.46352
-1.42158
-1.37393
-1.32262
-1.26949
-1.21613
-1.16381
-1.11352
-1.06597
-1.02155
-0.980409
-0.942421
-0.907244
-0.874331
-0.842965
-0.81229
-0.781349
-0.749125
-0.714586
-0.676741
-0.634686
-0.587665
-0.53512
-0.476736
-0.412475
-0.342595
-0.267641
-0.188423
-0.105957
-0.0213941
0.0640655
0.149262
0.233148
0.314848
0.393678
0.469156
0.540971
0.608958
0.673046
0.733225
0.789493
0.841834
0.89018
0.934397
0.974271
1.0095
1.0397
1.06441
1.0831
1.09517
1.10002
1.09701
1.08551
1.06495
1.0348
0.994607
0.944065
0.883
0.811424
0.729572
0.637938
0.537314
0.428823
0.313934
0.194437
0.072386
-0.0500125
-0.170545
-0.287137
-0.39798
-0.501606
-0.596905
-0.683105
-0.759721
-0.826492
-0.883329
-0.93026
-0.967389
-0.994866
-1.01287
-1.02157
-1.02118
-1.01186
-0.993815
-0.967223
-0.93229
-0.88925
-0.838377
-0.780006
-0.71456
-0.642568
-0.564688
-0.481729
-0.394662
-0.304618
-0.21287
-0.120796
-0.0298293
2.12673
2.01107
1.8719
1.70969
1.52488
1.31784
1.0889
0.838681
0.568718
0.282421
-0.0140581
-0.312068
-0.602394
-0.877745
-1.13387
-1.36905
-1.58308
-1.7764
-1.94969
-2.10362
-2.23882
-2.35581
-2.45503
-2.53686
-2.6016
-2.64952
-2.68085
-2.69577
-2.6945
-2.67722
-2.64414
-2.59543
-2.53129
-2.45186
-2.35726
-2.24754
-2.1227
-1.98269
-1.82739
-1.6567
-1.47058
-1.26918
-1.05307
-0.823598
-0.583322
-0.336456
-0.0889318
0.152263
0.380421
0.590373
0.778983
0.944846
1.0877
1.20787
1.30595
1.38262
1.43853
1.47431
1.49058
1.48797
1.46713
1.42877
1.37369
1.30277
1.21706
1.11777
1.00628
0.884255
0.753622
0.616621
0.4758
0.33396
0.19403
0.0589015
-0.0687719
-0.186723
-0.293158
-0.386754
-0.46661
-0.532164
-0.583116
-0.619365
-0.640977
-0.64817
-0.641316
-0.620962
-0.587856
-0.542976
-0.487559
-0.423113
-0.351411
-0.274465
-0.194459
-0.113668
-0.0343386
0.0414108
0.111692
0.174907
0.229784
2.5129
2.56094
2.60879
2.6571
2.70641
2.75711
2.80948
2.86369
2.91985
2.978
3.03809
3.10009
-3.1193
-3.05381
-2.98673
-2.91817
-2.84825
-2.77703
-2.70459
-2.63094
-2.55607
-2.47992
-2.40236
-2.3232
-2.24216
-2.1589
-2.07298
-1.98388
-1.891
-1.79367
-1.69115
-1.58269
-1.46753
-1.34495
-1.21436
-1.07535
-0.927832
-0.772151
-0.60926
-0.440845
-0.269385
-0.0980571
0.0695383
0.229802
0.379563
0.516376
0.63862
0.745449
0.836649
0.912494
0.973612
1.02088
1.05532
1.07809
1.09035
1.09329
1.08807
1.07578
1.05741
1.03387
1.00593
0.974256
0.939376
0.901699
0.86152
0.819034
0.774352
0.727521
0.678547
0.62742
0.574139
0.518736
0.461303
0.402004
0.341096
0.278928
0.215943
0.152661
0.0896633
0.0275583
-0.0330462
-0.0915774
-0.147525
-0.200465
-0.250072
-0.296124
-0.338501
-0.377172
-0.412183
-0.443632
-0.471659
-0.496416
-0.518059
-0.536724
-0.552519
-0.565514
-0.575734
-0.583156
-0.58771
2.31064
2.33683
2.35638
2.36814
2.37097
2.36377
2.34552
2.31525
2.27207
2.21519
2.14387
2.05749
1.95547
1.8373
1.70252
1.55074
1.38165
1.19513
0.991466
0.771618
0.53774
0.293662
0.0450951
-0.200906
-0.437263
-0.6583
-0.860419
-1.04192
-1.20241
-1.34223
-1.46208
-1.56278
-1.64516
-1.71004
-1.75816
-1.79021
-1.80684
-1.80865
-1.79622
-1.77007
-1.73072
-1.67862
-1.61426
-1.53808
-1.45052
-1.35205
-1.24319
-1.12453
-0.996808
-0.860984
-0.718297
-0.570358
-0.419193
-0.26723
-0.117202
0.0280477
0.165793
0.29364
0.409663
0.512452
0.601074
0.675009
0.734072
0.778342
0.808118
0.823882
0.826276
0.816089
0.794248
0.761806
0.719937
0.66992
0.613126
0.550994
0.485012
0.416681
0.347483
0.278845
0.212104
0.148473
0.0890223
0.0346588
-0.0138776
-0.0560159
-0.0913497
-0.119631
-0.140763
-0.154796
-0.161925
-0.162482
-0.156938
-0.145894
-0.130074
-0.110311
-0.0875261
-0.0627058
-0.0368704
-0.0110417
0.0137903
1.0371
1.148
1.26507
1.38836
1.51773
1.65285
1.79327
1.93836
2.08738
2.23947
2.39368
2.54899
2.70433
2.85857
3.01059
-3.12395
-2.97983
-2.84139
-2.70982
-2.58628
-2.47192
-2.36786
-2.27515
-2.19476
-2.12752
-2.07414
-2.03516
-2.01096
-2.00171
-2.00733
-2.02755
-2.06179
-2.1092
-2.16864
-2.23866
-2.31752
-2.40327
-2.49375
-2.58673
-2.67995
-2.77123
-2.8585
-2.93984
-3.01343
-3.07759
-3.13069
3.11197
3.08543
3.07412
3.07908
3.10109
3.14068
-3.08509
-3.00982
-2.91687
-2.80654
-2.67919
-2.53516
-2.37462
-2.19754
-2.00349
-1.79165
-1.56074
-1.30916
-1.03543
-0.738953
-0.421603
-0.0896018
0.245712
0.570511
0.873367
1.14791
1.39199
1.60581
1.79049
1.94749
2.07825
2.18413
2.26638
2.32609
2.36424
2.38168
2.37915
2.35726
2.31655
2.25742
2.18013
2.0848
1.97138
1.83964
1.68919
1.51953
1.33016
1.12082
0.891861
0.644906
0.383621
0.114359
-0.154134
-2.73853
-2.74204
-2.76191
-2.79707
-2.84634
-2.90849
-2.98225
-3.06639
3.12347
3.02208
2.91368
2.79933
2.68007
2.55707
2.43161
2.30508
2.17899
2.05487
1.9342
1.81833
1.70844
1.60542
1.50993
1.42229
1.34257
1.27051
1.20559
1.14704
1.09384
1.04477
0.998458
0.953377
0.907938
0.860526
0.809579
0.753667
0.691581
0.622426
0.545707
0.461395
0.369972
0.272421
0.170172
0.0649814
-0.0412406
-0.146617
-0.249487
-0.348535
-0.442866
-0.531999
-0.615824
-0.694524
-0.768478
-0.838176
-0.904136
-0.966842
-1.02669
-1.08395
-1.13874
-1.19101
-1.24055
-1.28696
-1.32971
-1.36809
-1.40131
-1.42843
-1.44849
-1.46044
-1.46324
-1.45587
-1.43734
-1.40675
-1.36328
-1.30626
-1.23518
-1.14968
-1.04968
-0.935338
-0.807192
-0.666215
-0.513941
-0.352556
-0.184923
-0.0144764
0.155057
0.320045
0.477333
0.624481
0.759826
0.882385
0.991702
1.08769
1.17048
1.24035
1.29763
1.34269
1.37585
1.39745
1.40778
-0.782508
-0.844984
-0.887815
-0.911077
-0.915021
-0.900115
-0.867105
-0.81707
-0.751472
-0.672197
-0.581561
-0.482285
-0.377417
-0.270191
-0.163849
-0.0614351
0.0343827
0.12143
0.198064
0.263146
0.315963
0.35613
0.383505
0.398117
0.400123
0.389784
0.367475
0.333708
0.289174
0.234789
0.171746
0.101542
0.0259892
-0.0528187
-0.132581
-0.210904
-0.285426
-0.353953
-0.414557
-0.465644
-0.505981
-0.534693
-0.551228
-0.555323
-0.546959
-0.526322
-0.493774
-0.449829
-0.395152
-0.330557
-0.257024
-0.175715
-0.0879853
0.00461612
0.100363
0.197399
0.293797
0.387639
0.477092
0.56047
0.636277
0.70323
0.760262
0.806512
0.841313
0.864175
0.874764
0.872892
0.858507
0.831685
0.792633
0.741696
0.679366
0.606308
0.523385
0.431685
0.332547
0.227566
0.118578
0.00760597
-0.103225
-0.211798
-0.316119
-0.414406
-0.505149
-0.587129
-0.659408
-0.721302
-0.772335
-0.81221
-0.840768
-0.857966
-0.863857
-0.858576
-0.84234
-0.815442
-0.778261
-0.731272
-0.67506
-0.324715
-0.3532
-0.381351
-0.410979
-0.443615
-0.480503
-0.522638
-0.570807
-0.625638
-0.687638
-0.757214
-0.83469
-0.920302
-1.0142
-1.11643
-1.22694
-1.34555
-1.47198
-1.60583
-1.74662
-1.89377
-2.04663
-2.20452
-2.36668
-2.53235
-2.70072
-2.87098
-3.0423
3.06935
2.89843
2.72899
2.56185
2.39784
2.23774
2.08222
1.93186
1.78707
1.6481
1.51499
1.38759
1.26551
1.14816
1.03471
0.924123
0.815163
0.706406
0.596285
0.483141
0.365308
0.241231
0.109646
-0.0301973
-0.178267
-0.333499
-0.493644
-0.655279
-0.814031
-0.964927
-1.10279
-1.22259
-1.3197
-1.39009
-1.43053
-1.43862
-1.41292
-1.35297
-1.2592
-1.13294
-0.976265
-0.791969
-0.583621
-0.355694
-0.113692
0.136055
0.387139
0.634154
0.873473
1.10333
1.32334
1.53397
1.73602
1.93039
2.11788
2.29919
2.47489
2.64545
2.81127
2.97272
3.13015
-2.99933
-2.84909
-2.70211
-2.55825
-2.41742
-2.27951
-2.14443
-2.01201
-1.88199
-1.75403
-1.20907
-1.38382
-1.55544
-1.72289
-1.8844
-2.03761
-2.17973
-2.30777
-2.4187
-2.50963
-2.57789
-2.62107
-2.63706
-2.62409
-2.58087
-2.50664
-2.40132
-2.26547
-2.10031
-1.90748
-1.68884
-1.44615
-1.18089
-0.894353
-0.588149
-0.265275
0.0687864
0.406142
0.738595
1.06027
1.36848
1.66279
1.94392
2.21297
2.47109
2.71949
2.95946
-3.09084
-2.86378
-2.64152
-2.42346
-2.20945
-1.99967
-1.79453
-1.59455
-1.40029
-1.21233
-1.03122
-0.857526
-0.691831
-0.534769
-0.38703
-0.249383
-0.12268
-0.00785123
0.0941209
0.182241
0.255566
0.31329
0.354843
0.380003
0.388999
0.382603
0.36219
0.329737
0.287763
0.239197
0.187181
0.13485
0.0851093
0.0404662
0.00292428
-0.0260403
-0.0454418
-0.054708
-0.0535888
-0.0420688
-0.0202994
0.0114453
0.0527845
0.103222
0.162119
0.228646
0.301742
0.380071
0.462008
0.545645
0.628838
0.709279
0.784588
0.852414
0.910526
0.956897
0.989767
1.00769
1.00955
0.9946
0.962441
0.913017
-1.38136
-1.23969
-1.08356
-0.913606
-0.731051
-0.537903
-0.337197
-0.133041
0.0696531
0.265791
0.450836
0.621337
0.775055
0.910796
1.02812
1.12705
1.20791
1.27116
1.31731
1.34695
1.36066
1.35902
1.34265
1.31217
1.26823
1.2115
1.14273
1.06273
0.972407
0.872799
0.765116
0.650774
0.531417
0.408925
0.285387
0.163022
0.0440788
-0.0692942
-0.175167
-0.271909
-0.358232
-0.433186
-0.496136
-0.546717
-0.584801
-0.61046
-0.623948
-0.625682
-0.616239
-0.596347
-0.566889
-0.52889
-0.483518
-0.432063
-0.375917
-0.316546
-0.255445
-0.194099
-0.133938
-0.0762895
-0.0223448
0.0268659
0.070489
0.107852
0.13846
0.161988
0.178272
0.187297
0.189194
0.18423
0.172809
0.155462
0.13285
0.10575
0.0750464
0.0417112
0.00678
-0.0286766
-0.0635861
-0.0969076
-0.127663
-0.154967
-0.178046
-0.196254
-0.209082
-0.216163
-0.217266
-0.212295
-0.201285
-0.184395
-0.161903
-0.134201
-0.10179
-0.0652725
-0.025348
0.017201
0.0615216
0.106708
0.151824
3.0099
3.05582
3.09252
3.12093
-3.14115
-3.12638
-3.11696
-3.11187
-3.11012
-3.11072
-3.11268
-3.11504
-3.11688
-3.1173
-3.11545
-3.11054
-3.1018
-3.08857
-3.0702
-3.04613
-3.01585
-2.97891
-2.93493
-2.88355
-2.82446
-2.75739
-2.68207
-2.59828
-2.50574
-2.40423
-2.29345
-2.17312
-2.04292
-1.90251
-1.75155
-1.58971
-1.41676
-1.23264
-1.03764
-0.832635
-0.619376
-0.400777
-0.181002
0.034836
0.241398
0.433992
0.609155
0.764762
0.899795
1.014
1.10763
1.1812
1.23545
1.27124
1.28952
1.29137
1.27791
1.25037
1.21004
1.15827
1.09644
1.02597
0.948304
0.864892
0.777181
0.686609
0.59459
0.502504
0.411681
0.323379
0.238771
0.158921
0.0847711
0.0171273
-0.0433477
-0.0961423
-0.140901
-0.177427
-0.205691
-0.225831
-0.238156
-0.243148
-0.241451
-0.233864
-0.221317
-0.204845
-0.185551
-0.16457
-0.143026
-0.121991
-0.102455
-0.0852935
-0.0712501
-0.0609251
-0.0547706
-0.0530913
-0.0560486
-0.0636658
-0.0758343
2.31598
2.36241
2.38657
2.3905
2.37598
2.34456
2.29757
2.23605
2.16081
2.07234
1.9708
1.85603
1.7275
1.58431
1.42528
1.24898
1.05401
0.839341
0.604988
0.352944
0.0881647
-0.181138
-0.444756
-0.692975
-0.918584
-1.11733
-1.28728
-1.428
-1.5399
-1.62393
-1.6813
-1.7134
-1.72163
-1.70739
-1.672
-1.61661
-1.54222
-1.44959
-1.33926
-1.21155
-1.06663
-0.904652
-0.726009
-0.531674
-0.323671
-0.105498
0.117754
0.339865
0.554471
0.756097
0.940698
1.10566
1.2495
1.37148
1.47139
1.54934
1.60561
1.64064
1.65494
1.64903
1.62347
1.57876
1.51539
1.43375
1.3342
1.21704
1.0826
0.93136
0.764121
0.582278
0.388147
0.185221
-0.0218065
-0.227439
-0.426147
-0.613167
-0.784971
-0.9393
-1.07492
-1.1913
-1.28837
-1.36629
-1.42536
-1.46596
-1.48845
-1.49323
-1.48065
-1.45107
-1.4048
-1.34216
-1.26347
-1.1691
-1.05953
-0.93541
-0.797681
-0.647741
-0.487583
-0.31992
-0.148201
2.13572
2.25847
2.39573
2.54679
2.71102
2.88799
3.07759
-3.0031
-2.78694
-2.55598
-2.30876
-2.04373
-1.75951
-1.45515
-1.13061
-0.787741
-0.431985
-0.0737756
0.272688
0.594479
0.884414
1.14095
1.36556
1.5606
1.72829
1.87034
1.98793
2.08187
2.15262
2.20049
2.22572
2.22849
2.20906
2.16774
2.10495
2.02123
1.91731
1.79412
1.65287
1.49504
1.32244
1.13728
0.94222
0.740483
0.53587
0.332686
0.135442
-0.0516218
-0.224998
-0.382169
-0.521573
-0.64238
-0.744206
-0.826885
-0.890323
-0.934421
-0.959069
-0.964177
-0.949741
-0.915922
-0.86315
-0.792236
-0.704485
-0.601804
-0.486778
-0.362675
-0.233347
-0.103002
0.0241462
0.144244
0.254102
0.351345
0.434401
0.502385
0.55493
0.59202
0.613852
0.620737
0.613038
0.591145
0.555483
0.506539
0.444927
0.371461
0.287246
0.193759
0.0929087
-0.0129548
-0.121107
-0.228587
-0.332388
-0.429663
-0.517892
-0.59499
-0.659343
-0.709801
-0.745621
-0.766414
-0.772073
-2.19478
-2.22817
-2.27407
-2.3326
-2.40363
-2.48682
-2.58166
-2.68755
-2.80385
-2.92993
-3.06523
3.07385
2.92122
2.76024
2.59097
2.41346
2.22782
2.03424
1.83305
1.62472
1.4099
1.18947
0.964759
0.737682
0.510943
0.288055
0.0731012
-0.129777
-0.316946
-0.485634
-0.633961
-0.760754
-0.865316
-0.947246
-1.00635
-1.04263
-1.05629
-1.04785
-1.01813
-0.968385
-0.90032
-0.816125
-0.718479
-0.610505
-0.49568
-0.377674
-0.260151
-0.146527
-0.0397672
0.0577502
0.144274
0.218632
0.28012
0.328384
0.363303
0.384902
0.393303
0.388701
0.371376
0.341733
0.300349
0.248053
0.185987
0.115662
0.0389882
-0.0417563
-0.124005
-0.205039
-0.282154
-0.352833
-0.414876
-0.466495
-0.506346
-0.533517
-0.547486
-0.548069
-0.535354
-0.509649
-0.471439
-0.421359
-0.360177
-0.288804
-0.208308
-0.119931
-0.0251147
0.0745007
0.177092
0.280699
0.383293
0.482858
0.577468
0.665352
0.744933
0.814848
0.873953
0.921312
0.956188
0.978022
0.986421
2.28124
2.32165
2.36699
2.41878
2.47767
2.54362
2.61603
2.69385
2.7757
2.85998
2.94491
3.02862
3.10921
-3.09842
-3.02973
-2.96967
-2.91985
-2.88171
-2.85651
-2.84521
-2.84856
-2.86696
-2.90056
-2.9492
-3.01251
-3.08991
3.10245
2.99891
2.88341
2.7568
2.62007
2.47461
2.32223
2.16527
2.00645
1.84874
1.69511
1.54836
1.41093
1.28487
1.17172
1.0726
0.98816
0.91866
0.864036
0.823943
0.797803
0.784823
0.783996
0.794074
0.813536
0.840546
0.872922
0.908126
0.943295
0.975298
1.00084
1.01661
1.01942
1.00641
0.975159
0.923922
0.851697
0.758357
0.644712
0.512541
0.364568
0.204345
0.0360078
-0.136132
-0.308081
-0.476607
-0.639483
-0.795494
-0.944257
-1.08597
-1.22118
-1.35056
-1.47479
-1.59447
-1.71002
-1.82174
-1.92972
-2.03389
-2.13404
-2.22984
-2.32085
-2.4066
-2.48654
-2.5601
-2.62673
-2.68586
-2.73694
-2.77943
-2.81282
-2.83663
-2.85042
-2.85376
-2.8463
-2.26616
-2.235
-2.17747
-2.09293
-1.98102
-1.84175
-1.67569
-1.48405
-1.26892
-1.03343
-0.782011
-0.520754
-0.257375
-0.00047884
0.242022
0.464485
0.664078
0.840222
0.993631
1.12551
1.23705
1.3292
1.40256
1.45735
1.49347
1.51055
1.508
1.48508
1.44098
1.37495
1.28636
1.1749
1.04074
0.884824
0.709169
0.517223
0.314113
0.106543
-0.097901
-0.291948
-0.469798
-0.627685
-0.763756
-0.877568
-0.969545
-1.04055
-1.09159
-1.12365
-1.13759
-1.13408
-1.11361
-1.07649
-1.02287
-0.952825
-0.866435
-0.763905
-0.645742
-0.512967
-0.36735
-0.211611
-0.049483
0.114451
0.27519
0.427899
0.568423
0.693584
0.801217
0.89004
0.959458
1.00937
1.04002
1.05184
1.0454
1.0213
0.980189
0.92268
0.849408
0.761052
0.658402
0.542461
0.414575
0.27656
0.130803
-0.0197322
-0.171622
-0.321241
-0.465074
-0.600003
-0.72347
-0.833524
-0.928771
-1.00828
-1.07147
-1.11804
-1.14789
-1.16107
-1.15773
-1.1381
-1.10249
-2.1153
-1.90187
-1.67454
-1.43457
-1.18272
-0.919337
-0.644612
-0.359123
-0.0644715
0.236297
0.538988
0.839307
1.13388
1.4206
1.69834
1.96654
2.22499
2.4737
2.71309
2.94394
-3.11577
-2.89844
-2.68629
-2.47897
-2.27675
-2.0805
-1.89143
-1.71089
-1.54017
-1.38042
-1.23255
-1.09721
-0.974735
-0.865206
-0.768433
-0.684011
-0.61136
-0.549769
-0.498416
-0.456387
-0.422671
-0.396153
-0.375594
-0.359627
-0.346758
-0.335392
-0.323883
-0.310607
-0.294054
-0.272917
-0.24618
-0.213172
-0.173586
-0.127459
-0.0751137
-0.0170775
0.0460152
0.113511
0.184814
0.25943
0.336989
0.417239
0.500019
0.585213
0.672703
0.762316
0.85378
0.946685
1.04046
1.13434
1.2274
1.31854
1.40649
1.48989
1.56726
1.63709
1.69783
1.74799
1.78612
1.81086
1.82098
1.8154
1.79319
1.75358
1.696
1.62001
1.52535
1.41191
1.27974
1.12909
0.960492
0.774976
0.574299
0.361295
0.140098
-0.0839749
-0.305048
-0.517659
-0.717565
-2.74217
-2.51119
-2.26115
-1.99262
-1.70673
-1.40477
-1.08787
-0.757172
-0.414538
-0.0634688
0.290685
0.642165
0.987081
1.32442
1.65539
1.98237
2.30813
2.63559
2.9678
-2.97501
-2.62247
-2.25297
-1.86102
-1.44086
-0.987977
-0.503322
-0.0014034
0.486688
0.931619
1.32377
1.66703
1.96858
2.23471
2.47015
2.67821
2.86118
3.0207
-3.12517
-3.00899
-2.91293
-2.83593
-2.77684
-2.73435
-2.70697
-2.69303
-2.69069
-2.6979
-2.71249
-2.73217
-2.7546
-2.77737
-2.79811
-2.81451
-2.82432
-2.82544
-2.8159
-2.79392
-2.75793
-2.70658
-2.63877
-2.55361
-2.45044
-2.32875
-2.18817
-2.02833
-1.84884
-1.64921
-1.42887
-1.18727
-0.924363
-0.641321
-0.341772
-0.0328779
0.274989
0.570881
0.846544
1.09768
1.32309
1.52325
1.6993
1.85254
1.98418
2.0953
2.18679
2.25944
2.31389
2.3507
2.37039
2.37338
2.3601
2.33091
2.28615
2.22615
2.15118
2.06149
1.95732
1.83886
1.70632
1.55996
-0.693475
-0.817453
-0.929564
-1.02802
-1.11142
-1.17872
-1.22917
-1.26225
-1.27769
-1.27537
-1.25535
-1.21778
-1.16295
-1.09124
-1.00315
-0.899287
-0.780466
-0.647778
-0.502712
-0.347282
-0.184122
-0.0164665
0.15202
0.317565
0.476662
0.626364
0.764415
0.889228
0.99977
1.09542
1.17585
1.24092
1.29061
1.32498
1.34414
1.34823
1.33743
1.31193
1.27194
1.21774
1.14961
1.06796
0.973282
0.866264
0.747831
0.619243
0.482176
0.338779
0.191675
0.0438535
-0.101526
-0.241399
-0.373043
-0.494244
-0.603353
-0.699247
-0.78124
-0.848987
-0.902388
-0.941524
-0.966599
-0.977917
-0.975854
-0.96086
-0.933453
-0.894229
-0.843872
-0.783176
-0.713062
-0.634599
-0.549024
-0.457752
-0.362372
-0.264623
-0.166348
-0.0694232
0.0243228
0.11319
0.195672
0.270504
0.336676
0.393434
0.440261
0.476851
0.503089
0.519024
0.524858
0.520934
0.507726
0.485842
0.456013
0.419098
0.376073
0.32802
0.276115
0.221597
0.165741
0.109822
0.0550794
2.63467
2.83553
3.02335
-3.08429
-2.92051
-2.76834
-2.62811
-2.50049
-2.38643
-2.28693
-2.20294
-2.13524
-2.0844
-2.05074
-2.03432
-2.03492
-2.05207
-2.08504
-2.13288
-2.19442
-2.26829
-2.35298
-2.44689
-2.54836
-2.65574
-2.76749
-2.88219
-2.99857
-3.11553
3.05115
2.93605
2.82339
2.71428
2.60994
2.51169
2.42087
2.33878
2.26662
2.20539
2.15586
2.11854
2.09364
2.0811
2.08055
2.09134
2.11255
2.14303
2.18137
2.22598
2.27513
2.32693
2.37945
2.43069
2.47869
2.5215
2.55726
2.5842
2.60066
2.60512
2.59619
2.57265
2.53345
2.4777
2.4047
2.31389
2.20485
2.07722
1.93069
1.76492
1.57955
1.37417
1.14855
0.902904
0.638631
0.359185
0.0709038
-0.217239
-0.495574
-0.756333
-0.994955
-1.20968
-1.40046
-1.56809
-1.71361
-1.83808
-1.9425
-2.02772
-2.09448
-2.14342
-2.17513
-2.19009
-2.18876
-2.17155
-2.13883
-2.09095
-2.02821
-1.95092
-1.85934
-1.75372
0.424429
0.61931
0.768368
0.864046
0.900739
0.875235
0.78771
0.643059
0.4521
0.231811
0.00334089
-0.21265
-0.40109
-0.55461
-0.672266
-0.757038
-0.81376
-0.847823
-0.864479
-0.868515
-0.864122
-0.854881
-0.843799
-0.833375
-0.825659
-0.822317
-0.824674
-0.83374
-0.850216
-0.874476
-0.906527
-0.945947
-0.991812
-1.04262
-1.09624
-1.14984
-1.19994
-1.24248
-1.27292
-1.28646
-1.27834
-1.24411
-1.18003
-1.08341
-0.953039
-0.789541
-0.595753
-0.377044
-0.141315
0.101736
0.342372
0.572896
0.788882
0.989048
1.17436
1.34707
1.51001
1.66614
1.8183
1.96908
2.12073
2.27522
2.43416
2.59892
2.77064
2.95032
3.13887
-2.946
-2.73695
-2.51606
-2.28205
-2.03349
-1.7688
-1.48647
-1.18541
-0.865815
-0.530559
-0.186919
0.153164
0.476248
0.772323
1.03687
1.26943
1.47144
1.64483
1.79145
1.9129
2.01051
2.08546
2.1388
2.17152
2.18465
2.17921
2.15628
2.11698
2.06248
1.994
1.91283
1.82027
-1.4582
-1.58064
-1.70545
-1.83281
-1.96273
-2.09503
-2.22943
-2.36552
-2.5028
-2.64069
-2.77853
-2.91565
-3.05132
3.09837
2.96778
2.84081
2.71813
2.60041
2.48823
2.38212
2.28254
2.18985
2.10432
2.0261
1.95525
1.89171
1.83528
1.78566
1.74243
1.70505
1.67283
1.64497
1.62053
1.59842
1.57741
1.55609
1.53288
1.506
1.47349
1.43316
1.38265
1.31941
1.24075
1.14397
1.02652
0.886263
0.72198
0.534036
0.325266
0.101765
-0.127074
-0.349902
-0.555845
-0.736591
-0.887106
-1.00522
-1.09081
-1.14513
-1.17018
-1.16843
-1.14246
-1.09479
-1.02774
-0.943304
-0.843147
-0.728561
-0.600539
-0.45989
-0.307405
-0.144083
0.0286228
0.208619
0.393114
0.578744
0.761849
0.93879
1.10618
1.26102
1.4007
1.52303
1.62615
1.7086
1.76925
1.80732
1.82234
1.81413
1.78278
1.72859
1.65201
1.5536
1.43398
1.29376
1.13357
0.954145
0.756522
0.542379
0.314496
0.0771279
-0.16403
1.35918
1.436
1.47042
1.47081
1.44559
1.40267
1.34916
1.29106
1.23324
1.1794
1.13218
1.09334
1.0639
1.04431
1.03459
1.03445
1.04337
1.06066
1.08548
1.11688
1.15378
1.19497
1.23911
1.28467
1.32996
1.37306
1.41183
1.44389
1.46659
1.47703
1.47209
1.4484
1.40251
1.33095
1.23045
1.09831
0.932918
0.734518
0.506365
0.255917
-0.00469899
-0.260315
-0.496519
-0.703141
-0.875177
-1.01166
-1.11409
-1.18529
-1.2286
-1.24747
-1.24522
-1.22482
-1.18884
-1.13938
-1.07809
-1.00609
-0.924096
-0.832376
-0.730862
-0.619226
-0.497019
-0.363853
-0.219659
-0.064972
0.0987636
0.269001
0.442094
0.613565
0.778551
0.932278
1.07041
1.18926
1.28583
1.35787
1.4038
1.42273
1.41437
1.37896
1.31722
1.23021
1.11926
0.985904
0.831826
0.658955
0.46959
0.266612
0.053646
-0.164976
-0.384585
-0.600759
-0.809865
-1.00927
-1.19727
-1.3728
-1.53523
-1.68414
-1.81921
-1.94014
-2.04666
-2.09048
-2.04666
-2.01984
-2.0095
-2.0149
-2.035
-2.06853
-2.11398
-2.1696
-2.23345
-2.30346
-2.37742
-2.45309
-2.52823
-2.60067
-2.66831
-2.7292
-2.78152
-2.82357
-2.8538
-2.87081
-2.87335
-2.86032
-2.83084
-2.78419
-2.71988
-2.63757
-2.53705
-2.41823
-2.28101
-2.12525
-1.95066
-1.75675
-1.54283
-1.30809
-1.05195
-0.774698
-0.478595
-0.169265
0.143759
0.448781
0.735568
0.997852
1.23318
1.44146
1.62368
1.78116
1.91521
2.02702
2.11761
2.18783
2.23841
2.26997
2.28304
2.27806
2.25542
2.21546
2.15845
2.08461
1.99414
1.88714
1.76374
1.62403
1.46817
1.29648
1.10956
0.90857
0.695474
0.473437
0.247007
0.0219176
-0.195646
-0.400106
-0.587298
-0.754683
-0.901067
-1.02615
-1.13013
-1.21343
-1.27656
-1.32004
-1.34437
-1.35005
-1.33758
-1.30749
-1.2604
-1.197
-1.11815
-1.02488
-0.918472
-0.800504
-0.672916
-0.538045
-0.398615
-0.257671
-0.118417
0.0159998
0.14272
0.259348
-2.63887
-2.72765
-2.79552
-2.84341
-2.87204
-2.88195
-2.87358
-2.84728
-2.80329
-2.74176
-2.66272
-2.56601
-2.45131
-2.31808
-2.16556
-1.99282
-1.79876
-1.58233
-1.34269
-1.07968
-0.794626
-0.491462
-0.178041
0.133925
0.431584
0.704999
0.949095
1.16276
1.34701
1.5037
1.63474
1.74185
1.82644
1.88962
1.9322
1.95477
1.95769
1.94118
1.90533
1.8501
1.77542
1.68116
1.56724
1.43365
1.2806
1.1087
0.91915
0.714098
0.497008
0.272891
0.0481407
-0.170253
-0.37591
-0.564047
-0.731783
-0.87784
-1.002
-1.10465
-1.18638
-1.24786
-1.28971
-1.31241
-1.31637
-1.30188
-1.26919
-1.21851
-1.15009
-1.0643
-0.961693
-0.843168
-0.710086
-0.564437
-0.408974
-0.247248
-0.0834819
0.0777686
0.232091
0.375679
0.505613
0.619915
0.717423
0.797593
0.860301
0.905678
0.933996
0.945595
0.940842
0.920121
0.88384
0.832462
0.766553
0.68685
0.594343
0.490363
0.37667
0.255499
0.129556
0.00191226
-0.124182
0.413811
0.494357
0.570622
0.641161
0.704642
0.759875
0.805815
0.841576
0.866426
0.879792
0.881251
0.870536
0.847525
0.812252
0.764907
0.705845
0.635608
0.554938
0.464809
0.366445
0.261337
0.151228
0.0380751
-0.0760254
-0.188946
-0.298641
-0.403249
-0.501166
-0.591072
-0.671932
-0.742969
-0.803621
-0.853505
-0.892376
-0.920101
-0.936637
-0.942009
-0.936312
-0.9197
-0.892392
-0.854679
-0.806936
-0.749639
-0.683384
-0.608913
-0.527133
-0.439139
-0.346219
-0.249845
-0.151644
-0.0533428
0.0433055
0.136606
0.224997
0.307115
0.381823
0.448232
0.505686
0.553746
0.592161
0.620843
0.639844
0.649333
0.649586
0.640968
0.623935
0.59902
0.566837
0.528079
0.483513
0.43398
0.38039
0.323709
0.264949
0.205147
0.145345
0.0865604
0.0297658
-0.0241402
-0.0743517
-0.120173
-0.161027
-0.196466
-0.226166
-0.24993
-0.267684
-0.279466
-0.285425
-0.28581
-0.280965
-0.271317
-0.257369
-0.239686
-0.218888
-0.195628
-0.170586
-0.144447
-0.117887
-0.0915581
-2.43781
-2.41907
-2.39696
-2.36747
-2.3265
-2.27004
-2.1943
-2.09586
-1.97182
-1.81991
-1.63852
-1.4268
-1.18465
-0.913029
-0.614674
-0.295307
0.0353222
0.364471
0.680277
0.975435
1.24761
1.49766
1.72788
1.94092
2.13937
2.32556
2.50154
2.66912
2.82987
2.98519
3.13635
-2.99871
-2.85252
-2.70727
-2.56197
-2.41566
-2.26739
-2.11619
-1.96107
-1.80107
-1.63523
-1.46266
-1.28267
-1.09483
-0.899255
-0.696798
-0.489353
-0.280014
-0.0729768
0.126934
0.315013
0.487357
0.641231
0.775058
0.888212
0.980778
1.05335
1.10688
1.14261
1.162
1.16663
1.15823
1.13856
1.10942
1.07255
1.02964
0.98225
0.931807
0.879568
0.826613
0.773831
0.721929
0.671433
0.622703
0.575952
0.531262
0.488608
0.447875
0.40888
0.371396
0.335161
0.299904
0.265354
0.231254
0.197374
0.163513
0.129509
0.0952395
0.0606168
0.0255885
-0.00986956
-0.0457589
-0.0820641
-0.118758
-0.155804
-0.193156
-0.230762
-0.268551
-0.306437
2.66313
2.47509
2.27846
2.07248
1.85638
1.62945
1.39117
1.14145
0.881064
0.612201
0.339091
0.0681096
-0.193106
-0.4374
-0.659596
-0.856862
-1.02816
-1.17349
-1.29337
-1.38851
-1.4597
-1.50781
-1.53381
-1.53874
-1.52381
-1.49038
-1.43996
-1.37421
-1.29495
-1.2041
-1.10368
-0.995801
-0.882592
-0.766206
-0.648768
-0.532336
-0.418851
-0.310092
-0.207633
-0.112818
-0.0267557
0.0496757
0.115806
0.171152
0.215406
0.248424
0.270235
0.28106
0.281327
0.271697
0.253082
0.226647
0.193797
0.156142
0.11544
0.0735161
0.0321837
-0.00684546
-0.0420316
-0.0720601
-0.0958703
-0.112662
-0.121883
-0.123212
-0.116524
-0.101876
-0.0794788
-0.0496925
-0.0130175
0.0299018
0.0782731
0.131152
0.187445
0.245917
0.305217
0.363907
0.420508
0.473546
0.521604
0.563359
0.597628
0.623392
0.639812
0.646246
0.642249
0.627572
0.602161
0.566152
0.519865
0.463812
0.398685
0.32537
0.244936
0.158634
0.0678775
-0.025791
-0.120746
-0.21534
-0.307961
0.042223
-0.00522722
-0.0400849
-0.0622145
-0.0717691
-0.0693496
-0.0561394
-0.0339804
-0.00535514
0.0267455
0.0590604
0.0883588
0.11174
0.126863
0.132071
0.126392
0.109457
0.0813534
0.0424678
-0.00666193
-0.0654607
-0.133391
-0.209986
-0.294842
-0.387589
-0.487826
-0.595055
-0.708616
-0.827629
-0.95096
-1.07721
-1.20474
-1.3317
-1.45607
-1.57572
-1.68848
-1.7922
-1.88477
-1.96423
-2.02877
-2.07679
-2.10693
-2.11804
-2.10923
-2.07986
-2.02949
-1.95791
-1.86506
-1.75102
-1.61595
-1.46002
-1.28346
-1.08661
-0.870121
-0.635431
-0.385338
-0.124611
0.139959
0.400541
0.649996
0.883214
1.09736
1.29131
1.46498
1.61874
1.75319
1.86891
1.96646
2.04635
2.10901
2.15481
2.18409
2.19713
2.19421
2.17554
2.14134
2.09179
2.02703
1.94719
1.85237
1.74262
1.61802
1.47866
1.32472
1.15657
0.974943
0.781132
0.577307
0.366737
0.153852
-0.0560878
-0.257705
-0.44633
-0.618537
-0.772219
-0.906342
-1.0206
-1.11514
-1.19032
-2.86758
-3.07047
3.00983
2.8068
2.60338
2.39917
2.19351
1.98542
1.77354
1.55615
1.33111
1.09605
0.848581
0.586894
0.310677
0.0223021
-0.272416
-0.564918
-0.846094
-1.10836
-1.34632
-1.55642
-1.73635
-1.88468
-2.00072
-2.08437
-2.13608
-2.15673
-2.14756
-2.11004
-2.04588
-1.95684
-1.84472
-1.7112
-1.55769
-1.38532
-1.19483
-0.986686
-0.761313
-0.51957
-0.263428
0.00334277
0.275007
0.544669
0.805765
1.05323
1.28375
1.49534
1.68689
1.85772
2.00748
2.13596
2.24313
2.32907
2.39396
2.43804
2.46159
2.46493
2.44842
2.41241
2.35726
2.28333
2.19089
2.08012
1.95106
1.80358
1.63737
1.45197
1.24691
1.022
0.777769
0.516337
0.242254
-0.037014
-0.311987
-0.573458
-0.814676
-1.03196
-1.22403
-1.391
-1.53363
-1.65291
-1.74984
-1.82537
-1.88031
-1.91539
-1.9312
-1.92826
-1.90699
-1.86773
-1.81076
-1.73628
-1.64444
-1.53538
-1.40928
-1.26638
-1.10718
-0.932533
-0.743966
1.69426
1.87196
2.02541
2.16032
2.28148
2.39296
2.49815
2.59997
2.70089
2.80307
2.90847
3.01888
3.13602
-3.02155
-2.88561
-2.7373
-2.57434
-2.3941
-2.19362
-1.96964
-1.71877
-1.4378
-1.12438
-0.778423
-0.404823
-0.0168639
0.36414
0.717221
1.03061
1.30179
1.5331
1.72837
1.89158
2.02631
2.13562
2.22205
2.28768
2.33418
2.36284
2.37464
2.37031
2.35029
2.31482
2.2639
2.19729
2.11451
2.01485
1.89737
1.76088
1.60408
1.42561
1.22431
0.999602
0.752146
0.484843
0.203911
-0.0808138
-0.357495
-0.615489
-0.847774
-1.05115
-1.2251
-1.37053
-1.48896
-1.58213
-1.65167
-1.69911
-1.72573
-1.73263
-1.72065
-1.69041
-1.64229
-1.57647
-1.49292
-1.39148
-1.27187
-1.13384
-0.977356
-0.802818
-0.611488
-0.405931
-0.1904
0.0291393
0.245643
0.452171
0.643042
0.814389
0.964056
1.09117
1.19568
1.27802
1.33885
1.37893
1.39902
1.39983
1.38199
1.34604
1.29241
1.22147
-0.332883
-0.295718
-0.265515
-0.241701
-0.223585
-0.210357
-0.201094
-0.194764
-0.190256
-0.186409
-0.182056
-0.176078
-0.167451
-0.155292
-0.138892
-0.117728
-0.0914733
-0.0599782
-0.0232508
0.0185718
0.0652515
0.116474
0.171867
0.23101
0.293436
0.358628
0.42601
0.494932
0.564664
0.634385
0.703184
0.770061
0.83394
0.893682
0.948109
0.996027
1.03625
1.06764
1.08912
1.0997
1.0985
1.08481
1.05804
1.01782
0.963925
0.896389
0.815462
0.721671
0.61585
0.499191
0.373274
0.24009
0.102002
-0.0383524
-0.178235
-0.315006
-0.446313
-0.570218
-0.685233
-0.790293
-0.884692
-0.96799
-1.03994
-1.10043
-1.14943
-1.18694
-1.213
-1.22767
-1.23099
-1.22303
-1.20386
-1.17356
-1.13225
-1.08008
-1.01727
-0.944116
-0.861049
-0.768654
-0.667721
-0.559296
-0.444713
-0.325611
-0.203914
-0.0817605
0.0386073
0.154989
0.265366
0.368008
0.461535
0.544925
0.617493
0.678837
0.728797
0.767396
0.794809
0.811325
0.817328
0.813277
0.799693
-1.34881
-1.46279
-1.52593
-1.53218
-1.47514
-1.34891
-1.14964
-0.877938
-0.542621
-0.165581
0.216997
0.566408
0.859059
1.08925
1.26125
1.38305
1.46342
1.51079
1.53285
1.53632
1.52697
1.50959
1.48812
1.46566
1.44454
1.42638
1.41209
1.40191
1.39541
1.39144
1.38815
1.38297
1.37269
1.35349
1.32112
1.27113
1.1992
1.1015
0.975256
0.819297
0.634699
0.425413
0.198582
-0.0359615
-0.267438
-0.486599
-0.687526
-0.867917
-1.02831
-1.17102
-1.29932
-1.41687
-1.5273
-1.63408
-1.74028
-1.84863
-1.96138
-2.0804
-2.20716
-2.34281
-2.4882
-2.64398
-2.81065
-2.98866
3.10471
2.90252
2.68717
2.45763
2.21255
1.95035
1.66928
1.3677
1.04477
0.701689
0.343792
-0.0177828
-0.367726
-0.692421
-0.984566
-1.24265
-1.46817
-1.66349
-1.83095
-1.97248
-2.08963
-2.18366
-2.25557
-2.30626
-2.33652
-2.34717
-2.339
-2.31283
-2.26955
-2.21004
-2.13527
-2.04625
-1.94406
-1.82983
-1.70477
-0.617951
-0.717532
-0.817918
-0.915235
-1.00514
-1.08304
-1.14438
-1.18489
-1.20083
-1.18919
-1.14791
-1.07595
-0.973398
-0.841495
-0.682657
-0.500482
-0.299734
-0.0861764
0.133904
0.354526
0.570904
0.779976
0.980369
1.172
1.35559
1.53223
1.70309
1.86932
2.03188
2.19156
2.34897
2.5046
2.6588
2.81185
2.96401
3.11551
-3.01658
-2.86567
-2.71473
-2.56358
-2.41207
-2.26006
-2.10743
-1.95401
-1.79964
-1.64408
-1.48708
-1.32841
-1.16789
-1.0055
-0.841461
-0.67639
-0.51137
-0.348029
-0.188508
-0.0353153
0.108905
0.241643
0.360754
0.4646
0.552108
0.622761
0.676565
0.713997
0.735955
0.743702
0.738802
0.723057
0.698425
0.666941
0.630643
0.591486
0.551286
0.511663
0.474005
0.439453
0.408892
0.382963
0.36207
0.346404
0.335955
0.330526
0.32975
0.333092
0.339868
0.349248
0.360283
0.371922
0.383045
0.392506
0.399171
0.401965
0.39992
0.392213
0.378195
0.357416
0.329634
0.294819
0.253138
