3.10528
2.63811
2.20315
1.79094
1.3945
1.00948
0.633758
0.266708
-0.0914271
-0.44005
-0.77858
-1.10671
-1.42457
-1.73292
-2.03327
-2.32806
-2.62088
-2.91661
-3.22159
-3.54347
-3.89094
-4.27284
-4.69683
-5.16669
-5.67714
-6.20368
-6.68608
-7.01551
-7.06182
-6.76638
-6.20487
-5.51645
-4.80669
-4.12688
-3.49423
-2.91066
-2.37235
-1.87371
-1.4089
-0.972376
-0.559115
-0.164611
0.21522
0.584191
0.946009
1.30441
1.66323
2.02633
2.39743
2.77971
3.17506
3.58296
3.99846
4.40909
4.79058
5.103
5.29293
5.30945
5.13203
4.7867
4.33058
3.82155
3.30049
2.79011
2.3005
1.83457
1.39158
0.969086
0.563978
0.172963
-0.207172
-0.579428
-0.946489
-1.31059
-1.67331
-2.03522
-2.39538
-2.75054
-3.09403
-3.41444
-3.69445
-3.91086
-4.03764
-4.05288
-3.94781
-3.73172
-3.42851
-3.06747
-2.67474
-2.26953
-1.864
-1.46492
-1.07544
-0.696513
-0.327873
0.0313451
0.382162
0.725426
1.06153
2.90688
2.85512
2.7536
2.60413
2.41196
2.1847
1.93094
1.65912
1.37686
1.09072
0.806325
0.528522
0.261588
0.00937192
-0.224635
-0.437287
-0.625816
-0.787902
-0.921753
-1.02619
-1.10072
-1.14561
-1.16184
-1.15112
-1.11577
-1.0586
-0.982697
-0.891347
-0.787837
-0.675379
-0.557054
-0.435801
-0.314431
-0.195652
-0.0820947
0.0236875
0.119236
0.202241
0.270624
0.322634
0.356958
0.372811
0.370002
0.348962
0.310718
0.256831
0.189296
0.110421
0.0227098
-0.0712485
-0.168866
-0.267617
-0.365076
-0.45893
-0.546988
-0.627173
-0.697532
-0.75625
-0.801674
-0.832358
-0.847114
-0.845064
-0.825691
-0.78887
-0.734884
-0.664417
-0.578525
-0.478598
-0.366303
-0.243539
-0.112378
0.0249733
0.16621
0.308954
0.450776
0.589205
0.721747
0.845901
0.959192
1.05922
1.14375
1.21077
1.25864
1.28614
1.29265
1.27809
1.24302
1.18852
1.11611
1.02765
0.92517
0.810797
0.68664
0.554738
0.41703
0.275347
0.131426
-0.0130663
-0.156507
-1.76083
-1.87646
-2.01748
-2.17903
-2.35695
-2.54778
-2.74889
-2.95877
-3.17732
-3.40642
-3.65043
-3.91667
-4.21515
-4.55735
-4.95343
-5.40894
-5.92226
-6.48316
-7.06894
-7.63028
-8.06368
-8.20283
-7.91418
-7.25886
-6.44887
-5.65304
-4.9383
-4.31201
-3.76021
-3.26475
-2.8091
-2.37995
-1.96736
-1.56432
-1.1662
-0.770199
-0.374746
0.0209385
0.417237
0.814423
1.21284
1.61292
2.01502
2.41904
2.82387
3.2269
3.6236
4.00741
4.36931
4.69689
4.97219
5.16971
5.2575
5.20611
5.00484
4.67317
4.25358
3.79124
3.31885
2.85355
2.40097
1.96023
1.52764
1.09887
0.670198
0.239013
-0.195854
-0.633985
-1.07324
-1.5096
-1.93689
-2.34646
-2.72678
-3.06309
-3.3375
-3.53028
-3.62323
-3.60503
-3.47647
-3.25193
-2.95533
-2.61292
-2.24724
-1.87438
-1.50404
-1.14093
-0.786436
-0.439962
-0.100023
0.234999
0.566246
0.893869
1.21653
1.53089
1.83114
2.10861
2.35174
2.54674
2.67927
-3.28265
-3.35575
-3.43595
-3.51714
-3.59435
-3.66327
-3.71995
-3.76049
-3.78128
-3.77946
-3.75352
-3.70363
-3.63167
-3.54084
-3.43537
-3.32016
-3.20066
-3.08269
-2.97227
-2.87543
-2.79791
-2.7448
-2.72029
-2.72732
-2.7673
-2.83985
-2.94253
-3.07067
-3.21746
-3.37432
-3.53168
-3.6799
-3.81028
-3.91566
-3.99085
-4.03283
-4.04109
-4.01825
-3.97062
-3.908
-3.84204
-3.78301
-3.7361
-3.69896
-3.66213
-3.61205
-3.53532
-3.42209
-3.26758
-3.07185
-2.83854
-2.57363
-2.28427
-1.97802
-1.6623
-1.34392
-1.029
-0.722909
-0.430551
-0.156651
0.0938481
0.315488
0.502131
0.646997
0.742935
0.78289
0.760536
0.670964
0.511348
0.281505
-0.0157132
-0.374217
-0.784685
-1.23476
-1.70936
-2.19108
-2.66043
-3.09598
-3.47464
-3.77293
-3.97057
-4.05646
-4.03442
-3.92389
-3.75382
-3.55377
-3.34745
-3.15059
-2.9718
-2.81437
-2.67818
-2.56106
-2.45974
-2.37057
-2.28987
-2.21427
-2.14082
-2.06712
-1.99131
-1.64764
-1.32825
-1.00429
-0.676721
-0.346807
-0.0160838
0.3137
0.640618
0.962624
1.27764
1.58373
1.87931
2.16346
2.4364
2.69989
2.95767
3.21544
3.48032
3.75927
4.0567
4.3722
4.69939
5.02703
5.3413
5.62687
5.86473
6.02747
6.07757
5.97732
5.71264
5.31127
4.83003
4.32315
3.82323
3.3419
2.87796
2.42465
1.97391
1.51855
1.05318
0.574505
0.0813593
-0.425392
-0.942882
-1.46619
-1.98817
-2.49916
-2.98662
-3.43464
-3.82332
-4.12854
-4.32352
-4.38437
-4.29982
-4.08
-3.75577
-3.36737
-2.95107
-2.53206
-2.124
-1.73195
-1.35561
-0.991781
-0.63602
-0.283666
0.0695133
0.426855
0.790394
1.16042
1.53494
1.90901
2.27389
2.61627
2.9179
3.15632
3.30789
3.3533
3.28398
3.10589
2.83776
2.5049
2.13247
1.74123
1.34616
0.956937
0.579052
0.214991
-0.134776
-0.470988
-0.794923
-1.10779
-1.41016
-1.70127
-1.97845
-2.23646
-2.4671
-2.65936
-2.80052
-2.87829
2.84374
2.73324
2.6597
2.62091
2.61356
2.63364
2.67669
2.73814
2.81347
2.8984
2.98904
3.08201
3.17444
3.26403
3.34891
3.42764
3.49907
3.56232
3.61671
3.66185
3.69765
3.72445
3.74319
3.75552
3.76405
3.77245
3.78552
3.80911
3.84984
3.91475
4.01067
4.1431
4.3144
4.52068
4.74767
4.9668
5.13578
5.20846
5.15237
4.96057
4.6477
4.23671
3.7492
3.20295
2.61312
1.99367
1.35782
0.71778
0.0844075
-0.53294
-1.12652
-1.69041
-2.22095
-2.71707
-3.18051
-3.61523
-4.02592
-4.41505
-4.77866
-5.10149
-5.35476
-5.50229
-5.51764
-5.40155
-5.18149
-4.89435
-4.57039
-4.22837
-3.87785
-3.52324
-3.16667
-2.80951
-2.4528
-2.09724
-1.74314
-1.39044
-1.03888
-0.688238
-0.338525
0.00999303
0.356836
0.701456
1.04343
1.38267
1.7196
2.05524
2.39133
2.7302
3.07457
3.42717
3.79003
4.16332
4.54326
4.91872
5.26615
5.54467
5.69785
5.6722
5.44978
3.04929
2.15941
1.19744
0.185881
-0.843298
-1.84573
-2.76425
-3.53155
-4.07817
-4.34879
-4.32675
-4.0516
-3.60832
-3.09181
-2.57642
-2.10714
-1.70508
-1.3762
-1.11821
-0.924818
-0.788252
-0.700509
-0.654018
-0.64191
-0.658093
-0.697215
-0.754578
-0.826035
-0.907878
-0.996743
-1.08952
-1.18327
-1.27521
-1.36265
-1.44294
-1.51351
-1.57185
-1.61546
-1.64192
-1.64887
-1.63401
-1.59516
-1.53028
-1.43753
-1.31527
-1.16215
-0.977086
-0.759315
-0.50834
-0.223911
0.0940555
0.445566
0.830669
1.24953
1.70237
2.18915
2.70885
3.25827
3.83063
4.41432
4.99169
5.53673
6.00965
6.34987
6.47976
6.33999
5.94441
5.38531
4.77103
4.17369
3.62428
3.12837
2.67987
2.26867
1.88411
1.51638
1.15702
0.798996
0.436602
0.0652782
-0.318541
-0.717547
-1.13358
-1.56753
-2.01905
-2.48609
-2.96414
-3.44515
-3.91577
-4.35492
-4.73075
-4.99985
-5.11415
-5.04018
-4.78145
-4.38145
-3.90106
-3.39268
-2.88969
2.68295
2.54089
2.41233
2.30113
2.21111
2.1459
2.10877
2.1025
2.12907
2.18933
2.28248
2.40527
2.55113
2.70931
2.8644
2.99682
3.08463
3.10653
3.04501
2.88854
2.63221
2.27716
1.82965
1.30011
0.702443
0.0532727
-0.628906
-1.3247
-2.01486
-2.68115
-3.30663
-3.87482
-4.36748
-4.7625
-5.03532
-5.16779
-5.16178
-5.04491
-4.8601
-4.64823
-4.43784
-4.24431
-4.0735
-3.92581
-3.79903
-3.69015
-3.59638
-3.51555
-3.44626
-3.38762
-3.33899
-3.29962
-3.26852
-3.24458
-3.22671
-3.21418
-3.20673
-3.2046
-3.20838
-3.21863
-3.23556
-3.25847
-3.2853
-3.31202
-3.33231
-3.33743
-3.31673
-3.25908
-3.1549
-2.99848
-2.78943
-2.53265
-2.23704
-1.91364
-1.57404
-1.22943
-0.890197
-0.565711
-0.264261
0.00709374
0.242693
0.438455
0.592009
0.702749
0.771766
0.801668
0.796291
0.760348
0.69906
0.617806
0.521861
0.416217
0.305502
0.193982
0.0856075
-0.0159152
-0.107068
-0.184504
-0.245082
0.979517
1.04999
1.13937
1.24279
1.355
1.4704
1.58315
1.68731
1.77697
1.84643
1.89046
1.90445
1.8846
1.82807
1.73306
1.59885
1.42579
1.21521
0.969278
0.690859
0.383319
0.0503811
-0.304001
-0.675776
-1.06093
-1.45569
-1.85671
-2.26131
-2.66755
-3.0741
-3.47958
-3.88112
-4.27178
-4.63678
-4.94966
-5.17192
-5.26218
-5.19606
-4.98298
-4.66171
-4.27893
-3.87161
-3.46229
-3.06214
-2.67542
-2.30284
-1.94352
-1.59607
-1.25901
-0.930995
-0.610909
-0.297813
0.00906277
0.310375
0.606705
0.898603
1.1866
1.47121
1.75289
2.03196
2.30844
2.58179
2.85053
3.1116
3.35953
3.58546
3.77632
3.91495
3.98227
3.9621
3.84722
3.6432
3.3666
3.03904
2.68094
2.30821
1.93165
1.55803
1.19141
0.834236
0.488203
0.154672
-0.165023
-0.469434
-0.756915
-1.02557
-1.27324
-1.49745
-1.6954
-1.86401
-1.99999
-2.10008
-2.16138
-2.18178
-2.16048
-2.09835
-1.998
-1.86358
-1.70033
-4.65688
-4.53798
-4.47466
-4.46243
-4.49798
-4.57891
-4.70317
-4.86831
-5.06994
-5.29904
-5.53756
-5.75259
-5.89268
-5.89561
-5.71545
-5.35382
-4.85975
-4.29622
-3.71144
-3.13298
-2.5741
-2.04105
-1.53743
-1.06614
-0.630095
-0.232126
0.125196
0.43982
0.71043
0.936602
1.1189
1.25889
1.35913
1.42304
1.45473
1.45885
1.44032
1.40418
1.35536
1.29854
1.23798
1.17744
1.12012
1.0686
1.02478
0.989931
0.964674
0.948986
0.942245
0.943287
0.950496
0.961924
0.975449
0.988957
1.00053
1.00861
1.01214
1.01065
1.00421
0.993394
0.979154
0.96263
0.944993
0.927278
0.910254
0.89433
0.8795
0.865328
0.850965
0.83519
0.81647
0.793044
0.763002
0.724393
0.675312
0.614009
0.538979
0.449049
0.343453
0.221896
0.0845922
-0.0676991
-0.233665
-0.411435
-0.59859
-0.792175
-0.988716
-1.18423
-1.37427
-1.55395
-1.71805
-1.86122
-1.97828
-2.06466
-2.11691
-2.13321
-2.11368
-2.06032
-1.97677
-3.29471
-2.66929
-2.09347
-1.58026
-1.13766
-0.770074
-0.478871
-0.262747
-0.118068
-0.0392929
-0.0194472
-0.0505928
-0.12426
-0.231805
-0.364688
-0.514655
-0.673854
-0.834906
-0.990948
-1.13568
-1.2634
-1.36912
-1.44859
-1.49841
-1.51611
-1.50014
-1.44989
-1.3656
-1.24819
-1.09916
-0.920339
-0.713806
-0.48178
-0.226597
0.0492849
0.343287
0.652737
0.974957
1.3074
1.64786
1.99463
2.34679
2.70428
3.06794
3.43921
3.8194
4.20822
4.60093
4.98398
5.32912
5.58964
5.70742
5.63865
5.38447
4.99268
4.52664
4.03635
3.5507
3.08263
2.63605
2.21065
1.80448
1.41521
1.04064
0.67891
0.328503
-0.0117829
-0.342906
-0.665645
-0.980637
-1.2884
-1.58929
-1.88347
-2.17075
-2.45041
-2.72086
-2.97916
-3.22035
-3.43673
-3.6172
-3.74741
-3.81145
-3.79549
-3.69267
-3.50642
-3.24986
-2.94137
-2.59937
-2.23895
-1.87088
-1.50217
-1.13723
-0.778908
-0.429284
-0.0902193
0.236333
0.548141
0.84259
1.11663
-0.703748
-0.331131
0.0343246
0.390577
0.735233
1.06547
1.37804
1.66934
1.93559
2.1732
2.37911
2.55133
2.68944
2.79507
2.87204
2.926
2.96334
2.98955
3.00732
3.0154
3.0086
2.97912
2.91881
2.8213
2.68331
2.50506
2.2897
2.04254
1.77018
1.47979
1.17868
0.873977
0.572485
0.280732
0.00505466
-0.248272
-0.472929
-0.662535
-0.810736
-0.911404
-0.958926
-0.948538
-0.876672
-0.741252
-0.541933
-0.280243
0.0403659
0.414568
0.835304
1.29402
1.78101
2.28579
2.79743
3.30435
3.79341
4.24764
4.64326
4.94822
5.12718
5.1561
5.03893
4.80953
4.51493
4.19628
3.88058
3.58181
3.3053
3.05152
2.81856
2.60361
2.40368
2.21599
2.03811
1.86803
1.70408
1.54497
1.3897
1.23752
1.08791
0.940567
0.795393
0.652455
0.511981
0.374327
0.239951
0.109374
-0.0168546
-0.138192
-0.254138
-0.36426
-0.46822
-0.565789
-0.656857
-0.741442
-0.819688
-0.891864
-0.958364
-1.0197
-1.07652
0.776884
0.678627
0.538964
0.357822
0.13539
-0.127947
-0.431717
-0.775504
-1.1591
-1.58259
-2.04625
-2.55003
-3.09242
-3.6688
-4.26975
-4.8797
-5.47576
-6.02428
-6.47292
-6.74387
-6.75073
-6.45828
-5.93259
-5.29951
-4.66273
-4.07404
-3.54754
-3.079
-2.6575
-2.27076
-1.90736
-1.55743
-1.21278
-0.866851
-0.51442
-0.151413
0.225348
0.61832
1.02934
1.45957
1.90934
2.37768
2.86175
3.35595
3.8506
4.32996
4.76901
5.1299
5.36191
5.41303
5.25661
4.91434
4.44774
3.92479
3.39494
2.88485
2.40469
1.95529
1.53292
1.13205
0.746694
0.371102
0.000102147
-0.370747
-0.745029
-1.12532
-1.51295
-1.90759
-2.30669
-2.70454
-3.09101
-3.45014
-3.75901
-3.9884
-4.10762
-4.09401
-3.94349
-3.67399
-3.3181
-2.91086
-2.48096
-2.0479
-1.62305
-1.21198
-0.816451
-0.435974
-0.0688108
0.287347
0.634877
0.97581
1.31141
1.64169
1.9648
2.27634
2.56858
2.82993
3.04509
3.19656
3.26804
1.03701
1.16292
1.27356
1.37718
1.48149
1.59354
1.71961
1.86497
2.03346
2.22674
2.44327
2.67684
2.91501
3.13798
3.31913
3.4285
3.43922
3.3345
3.11125
2.77877
2.35423
1.85816
1.31156
0.734389
0.144912
-0.4408
-1.00923
-1.54966
-2.05414
-2.5171
-2.93434
-3.3018
-3.61414
-3.86414
-4.04381
-4.14733
-4.17474
-4.13356
-4.0369
-3.8994
-3.73361
-3.54834
-3.34878
-3.13746
-2.91537
-2.68279
-2.43992
-2.18714
-1.92501
-1.65426
-1.37569
-1.09006
-0.798099
-0.500561
-0.198217
0.108111
0.417578
0.729381
1.04286
1.35759
1.67353
1.99105
2.31099
2.63454
2.96313
3.29796
3.63934
3.98539
4.33003
4.65982
4.9503
5.16405
5.25609
5.19112
4.96494
4.60955
4.17476
3.70531
3.23064
2.76616
2.31817
1.8881
1.4752
1.07803
0.695112
0.325206
-0.0325572
-0.378695
-0.713386
-1.03649
-1.34751
-1.64558
-1.92933
-2.19671
-2.44478
-2.6694
-2.8649
-3.02396
-3.13789
2.9804
2.76942
2.55935
2.34656
2.12642
1.89378
1.64382
1.37303
1.08032
0.768118
0.443173
0.116967
-0.194604
-0.472528
-0.697081
-0.851076
-0.923267
-0.910795
-0.819729
-0.663428
-0.459387
-0.225731
0.0215867
0.270394
0.512755
0.744579
0.964781
1.17426
1.37488
1.56858
1.75664
1.93904
2.11415
2.27854
2.4272
2.55398
2.65217
2.7153
2.73769
2.71488
2.64383
2.523
2.35233
2.13324
1.8685
1.56207
1.21879
0.844044
0.443489
0.0228318
-0.412314
-0.856553
-1.3049
-1.75305
-2.19771
-2.63692
-3.07008
-3.49758
-3.91952
-4.33323
-4.72913
-5.08552
-5.36521
-5.5209
-5.51527
-5.34557
-5.04726
-4.67159
-4.26184
-3.84489
-3.43409
-3.03452
-2.64722
-2.27144
-1.90589
-1.54922
-1.20021
-0.857861
-0.521358
-0.190072
0.136497
0.458787
0.777239
1.09236
1.40479
1.71525
2.02458
2.33358
2.64282
2.9523
3.26084
3.56518
3.8586
4.12904
4.35748
4.51783
4.58108
4.52501
4.34535
-2.31293
-2.46034
-2.60829
-2.76076
-2.92277
-3.10046
-3.3011
-3.53281
-3.80419
-4.12336
-4.49628
-4.92332
-5.39267
-5.86909
-6.28018
-6.51678
-6.47702
-6.14099
-5.58524
-4.91485
-4.20689
-3.50364
-2.8257
-2.18295
-1.58007
-1.01885
-0.499187
-0.0196138
0.422403
0.830321
1.20848
1.56207
1.89711
2.22025
2.53845
2.85836
3.18533
3.52182
3.86487
4.20276
4.51137
4.75319
4.88383
4.86839
4.69887
4.39695
3.99984
3.54374
3.05598
2.55481
2.05193
1.55495
1.06895
0.59726
0.141898
-0.296213
-0.717148
-1.12189
-1.51225
-1.89064
-2.25977
-2.62205
-2.97855
-3.32758
-3.66262
-3.97001
-4.22746
-4.40577
-4.47602
-4.42138
-4.2456
-3.97097
-3.62756
-3.24287
-2.8372
-2.42364
-2.01001
-1.60071
-1.19814
-0.803479
-0.417193
-0.039266
0.330654
0.693174
1.04907
1.39917
1.74419
2.08437
2.41906
2.7459
3.05986
3.35197
3.60828
3.80973
3.93453
3.96357
3.88773
3.71235
3.45543
4.70004
5.14024
5.50814
5.80217
6.01251
6.11588
6.08013
5.88282
5.53026
5.05333
4.48418
3.83993
3.12246
2.32588
1.44382
0.474569
-0.575464
-1.68874
-2.83291
-3.95619
-4.98224
-5.80558
-6.29702
-6.34816
-5.96137
-5.28184
-4.49942
-3.74774
-3.09012
-2.54604
-2.11438
-1.78571
-1.54799
-1.38902
-1.2974
-1.26298
-1.27686
-1.33137
-1.41995
-1.53701
-1.67784
-1.83853
-2.01593
-2.20768
-2.41231
-2.62937
-2.85977
-3.10608
-3.37289
-3.66699
-3.99715
-4.37309
-4.80376
-5.29507
-5.84749
-6.4523
-7.08232
-7.66996
-8.07758
-8.11645
-7.6963
-6.95289
-6.10936
-5.30425
-4.58369
-3.94925
-3.38803
-2.88454
-2.42461
-1.99641
-1.59059
-1.19999
-0.819289
-0.444593
-0.0729827
0.29784
0.669876
1.04508
1.4255
1.81332
2.21067
2.61936
3.04029
3.47282
3.91393
4.35692
4.78925
5.18871
5.5185
5.72575
5.75339
5.5708
5.20114
4.71075
4.17019
3.62768
3.10684
2.61492
2.1507
1.81663
1.52332
1.18456
0.815226
0.4291
0.0381163
-0.347957
-0.721524
-1.07695
-1.4102
-1.7183
-1.99878
-2.24903
-2.46586
-2.64535
-2.78306
-2.8748
-2.91766
-2.9108
-2.8558
-2.75625
-2.61692
-2.44288
-2.23889
-2.00909
-1.75698
-1.4856
-1.19763
-0.895584
-0.581845
-0.258738
0.0714917
0.406701
0.744871
1.08411
1.42262
1.75854
2.08974
2.4133
2.72487
3.01781
3.28219
3.50439
3.66787
3.75606
3.75729
3.66945
3.50141
3.26989
2.99408
2.6911
2.37398
2.0515
1.7291
1.40991
1.09554
0.786755
0.483813
0.186733
-0.10456
-0.390138
-0.66999
-0.943948
-1.21159
-1.47212
-1.72417
-1.96561
-2.19322
-2.40244
-2.58715
-2.73966
-2.85124
-2.9132
-2.91861
-2.86414
-2.75124
-2.586
-2.37778
-2.13718
-1.87436
-1.59796
-1.31485
-1.0302
-0.747885
-0.470845
-0.201412
0.0584254
0.306833
0.541995
0.762016
0.964861
1.14832
1.31001
1.44743
1.55809
1.63967
1.69028
1.70872
1.69473
1.79354
1.60958
1.3926
1.14817
0.887427
0.625863
0.381093
0.170144
0.0068058
-0.100294
-0.148477
-0.140554
-0.0833777
0.0140542
0.142412
0.293372
0.460349
0.638662
0.825311
1.0185
1.21706
1.41988
1.62537
1.831
2.03309
2.22673
2.40594
2.56411
2.69454
2.79093
2.84795
2.86147
2.8288
2.74885
2.62219
2.45102
2.23894
1.99052
1.71068
1.40416
1.0752
0.7275
0.364402
-0.0108585
-0.394982
-0.784593
-1.1764
-1.5675
-1.95572
-2.34005
-2.72094
-3.10056
-3.4827
-3.87218
-4.27353
-4.68832
-5.1104
-5.51856
-5.86812
-6.09039
-6.11578
-5.91906
-5.54142
-5.05837
-4.53508
-4.0101
-3.50094
-3.01334
-2.54772
-2.10239
-1.67503
-1.26332
-0.865106
-0.478519
-0.101934
0.266094
0.626921
0.981905
1.33248
1.68017
2.02654
2.37305
2.72073
3.06972
3.4184
3.76214
4.09133
4.38895
4.62876
4.77672
4.79944
4.67903
4.42466
4.06907
3.65274
3.20957
2.76175
2.32117
1.89294
-2.81367
-2.38219
-1.85213
-1.25989
-0.649775
-0.0683092
0.441256
0.84433
1.11966
1.26199
1.28145
1.19974
1.04421
0.842068
0.616269
0.383629
0.154781
-0.0648408
-0.273676
-0.472767
-0.664717
-0.852909
-1.04092
-1.23208
-1.42909
-1.63368
-1.8463
-2.06576
-2.28909
-2.51148
-2.72649
-2.9266
-3.10393
-3.25099
-3.36139
-3.43021
-3.45441
-3.43311
-3.36793
-3.26315
-3.12541
-2.96263
-2.78228
-2.58972
-2.38713
-2.17364
-1.94639
-1.70205
-1.43813
-1.15375
-0.84981
-0.528793
-0.19423
0.149803
0.499152
0.849961
1.19894
1.5436
1.88238
2.21488
2.54198
2.86602
3.1909
3.52205
3.8661
4.23023
4.62116
5.04373
5.49837
5.9762
6.44917
6.85502
7.08922
7.03973
6.67599
6.08981
5.41501
4.74327
4.11368
3.53461
3.00166
2.50666
2.04135
1.59868
1.17307
0.760355
0.357554
-0.0374412
-0.426104
-0.809472
-1.18826
-1.56287
-1.93332
-2.2991
-2.6589
-3.01041
-3.3498
-3.6711
-3.9651
-3.05787
-2.65328
-2.28008
-1.92932
-1.59497
-1.27315
-0.961443
-0.658394
-0.363122
-0.0750789
0.206118
0.480815
0.74941
1.01244
1.27066
1.52516
1.77745
2.02965
2.28466
2.54637
2.81984
3.11137
3.42844
3.77929
4.17214
4.61389
5.10772
5.6486
6.21384
6.74633
7.13676
7.24067
6.97326
6.40006
5.67586
4.92551
4.21055
3.55138
2.95001
2.40166
1.89948
1.43638
1.00566
0.601222
0.217641
-0.149996
-0.506234
-0.855429
-1.2019
-1.55
-1.90413
-2.26854
-2.64701
-3.04218
-3.45451
-3.88043
-4.30943
-4.71967
-5.07321
-5.31552
-5.38815
-5.25739
-4.93861
-4.48772
-3.96869
-3.42969
-2.89879
-2.38925
-1.90568
-1.44817
-1.01455
-0.601679
-0.205991
0.176167
0.548379
0.914038
1.2762
1.6374
1.99926
2.362
2.72359
3.07855
3.41644
3.72024
3.96583
4.12432
4.16917
4.08656
3.88259
3.58109
3.21354
2.80905
2.38935
1.96844
1.55429
1.15079
0.759317
0.379764
0.0112117
-0.863687
-0.188464
0.482233
1.12679
1.72811
2.27364
2.75484
3.16618
3.50406
3.7663
3.95277
4.06692
4.11705
4.11578
4.07745
4.01514
3.93856
3.8536
3.76291
3.66696
3.56513
3.45656
3.34076
3.21795
3.08899
2.95507
2.81721
2.67582
2.53047
2.38005
2.22312
2.05843
1.88535
1.70417
1.5162
1.3237
1.12975
0.938043
0.752684
0.57802
0.418471
0.278389
0.161932
0.0729541
0.0148984
-0.00929388
0.00273254
0.0526792
0.141542
0.269575
0.436278
0.640399
0.879959
1.15231
1.45422
1.78199
2.13158
2.49869
2.87871
3.26628
3.65432
4.03212
4.38264
4.67988
4.88926
4.9754
4.91787
4.72456
4.42914
4.07415
3.69536
3.31617
2.94919
2.59993
2.26991
1.9586
1.6646
1.38617
1.12155
0.86907
0.627182
0.394467
0.169627
-0.0485374
-0.261149
-0.469268
-0.673904
-0.876026
-1.07655
-1.27635
-1.47619
-1.67669
-1.87825
-2.08093
-2.2842
-2.48671
-2.68589
-2.87746
-3.05494
2.18881
1.96679
1.78391
1.64135
1.53724
1.46811
1.4298
1.41797
1.42831
1.4567
1.49916
1.55187
1.61116
1.67342
1.73517
1.79296
1.84344
1.8833
1.90931
1.91832
1.90723
1.87306
1.81293
1.72419
1.60438
1.45138
1.26344
1.03922
0.777816
0.47871
0.141752
-0.232954
-0.645137
-1.09442
-1.58024
-2.10147
-2.65559
-3.23748
-3.83798
-4.44271
-5.03086
-5.57279
-6.02451
-6.32245
-6.39287
-6.19296
-5.75781
-5.18753
-4.58296
-4.00547
-3.47904
-3.00592
-2.57882
-2.18727
-1.82057
-1.46896
-1.12401
-0.778662
-0.427118
-0.0647049
0.312286
0.7067
1.12052
1.55477
2.00918
2.4817
2.96769
3.45874
3.94082
4.39154
4.77701
5.05102
5.1629
5.07864
4.80444
4.38808
3.89355
3.37434
2.86368
2.37751
1.92075
1.49235
1.08833
0.703521
0.332474
-0.0300671
-0.388887
-0.748099
-1.11094
-1.47946
-1.85412
-2.2331
-2.61138
-2.97946
-3.32197
-3.61672
-3.83565
-3.94966
-3.93749
-0.382552
-0.262925
-0.216526
-0.241999
-0.337581
-0.501135
-0.730298
-1.02275
-1.3765
-1.79024
-2.26325
-2.79487
-3.38276
-4.02015
-4.69287
-5.37779
-6.04263
-6.6432
-7.11274
-7.35277
-7.26433
-6.83863
-6.19855
-5.50349
-4.85379
-4.28495
-3.79734
-3.37812
-3.01138
-2.68212
-2.37739
-2.08661
-1.80141
-1.51536
-1.22366
-0.922796
-0.610279
-0.284319
0.0564111
0.412998
0.786488
1.17802
1.58885
2.02021
2.4729
2.94658
3.43887
3.94435
4.45351
4.95101
5.41225
5.79765
6.0489
6.0995
5.9108
5.50958
4.97749
4.40013
3.83304
3.30069
2.80815
2.3513
1.92253
1.51364
1.11704
0.726172
0.335701
-0.0585793
-0.459793
-0.870016
-1.29023
-1.72016
-2.15791
-2.59947
-3.03786
-3.46194
-3.85476
-4.19189
-4.44125
-4.56763
-4.54404
-4.36613
-4.05778
-3.66092
-3.21837
-2.76244
-2.31262
-1.87822
-1.46206
-1.06318
-0.678828
-0.305473
0.0604538
0.422147
0.782095
1.14175
1.50115
1.85841
2.20906
1.11033
0.993044
0.908366
0.856115
0.835935
0.847276
0.88938
0.961283
1.06183
1.18969
1.34342
1.52147
1.72226
1.94425
2.18602
2.44625
2.72383
3.01769
3.32657
3.6484
3.97907
4.31043
4.62715
4.90338
5.10156
5.17898
5.10491
4.87947
4.53552
4.12027
3.67511
3.22739
2.79186
2.37514
1.97944
1.60494
1.25097
0.916616
0.600977
0.303204
0.0225097
-0.241863
-0.490669
-0.724687
-0.944725
-1.15162
-1.3462
-1.52925
-1.70143
-1.86315
-2.01442
-2.1547
-2.28267
-2.39607
-2.49157
-2.56479
-2.61058
-2.62362
-2.59921
-2.53433
-2.42837
-2.28346
-2.10416
-1.89672
-1.66821
-1.42574
-1.17595
-0.924864
-0.677783
-0.439351
-0.213604
-0.00401311
0.186504
0.355591
0.501475
0.622994
0.719607
0.791394
0.839033
0.863748
0.867237
0.851576
0.819115
0.772376
0.713953
0.64644
0.572373
0.494195
0.414246
0.334755
0.257837
0.185491
0.119581
0.0618099
0.0136751
-0.0235792
-0.0490157
-0.0620513
-0.0624916
3.30998
3.28425
3.24879
3.20008
3.13521
3.05189
2.94852
2.82415
2.67842
2.51135
2.32327
2.11475
1.88658
1.6399
1.3763
1.09786
0.80726
0.507756
0.203163
-0.102209
-0.403672
-0.69635
-0.97544
-1.23656
-1.47616
-1.69189
-1.88285
-2.04956
-2.19343
-2.31592
-2.41735
-2.49603
-2.54786
-2.56701
-2.54721
-2.48342
-2.37308
-2.21665
-2.0174
-1.78074
-1.51346
-1.22298
-0.916874
-0.602484
-0.286817
0.0234901
0.322101
0.602887
0.859862
1.08719
1.27927
1.43093
1.53762
1.5957
1.60264
1.55723
1.45957
1.31105
1.11417
0.872254
0.589233
0.269488
-0.082231
-0.460827
-0.860902
-1.27691
-1.70343
-2.1356
-2.56964
-3.00329
-3.43609
-3.869
-4.30312
-4.73661
-5.15945
-5.546
-5.84915
-6.0068
-5.97107
-5.74417
-5.37903
-4.94245
-4.48423
-4.03127
-3.59453
-3.17665
-2.77667
-2.39244
-2.02165
-1.66218
-1.31225
-0.970466
-0.635751
-0.307349
0.0152697
0.332486
0.644634
0.952084
1.25532
3.31535
3.50654
3.63821
3.71818
3.75603
3.7618
3.74441
3.71058
3.66451
3.60809
3.54157
3.46425
3.37516
3.27362
3.15959
3.03383
2.89772
2.7529
2.60071
2.44187
2.27624
2.10305
1.92121
1.72984
1.52862
1.31806
1.09958
0.875429
0.648524
0.422267
0.200342
-0.0134829
-0.215517
-0.402298
-0.570718
-0.718122
-0.842388
-0.941966
-1.01589
-1.06371
-1.08548
-1.08158
-1.05265
-0.99949
-0.923004
-0.824173
-0.704087
-0.563997
-0.405357
-0.229863
-0.039443
0.163779
0.377566
0.599666
0.827938
1.06046
1.29567
1.5324
1.76999
2.00827
2.24755
2.48853
2.73215
2.97951
3.23159
3.48902
3.75166
4.01781
4.28293
4.53757
4.76485
4.9384
5.02399
4.98855
4.81561
4.51631
4.12424
3.67869
3.21102
2.74082
2.27821
1.82767
1.3909
0.968613
0.56146
0.170395
-0.203216
-0.557605
-0.890686
-1.20012
-1.4834
-1.73786
-1.96073
-2.14912
-2.30007
-2.41062
-2.47811
-2.50057
-2.47722
0.219032
-0.404935
-0.909893
-1.30583
-1.60681
-1.8287
-1.98772
-2.09947
-2.17831
-2.23707
-2.28676
-2.33654
-2.39365
-2.46344
-2.54944
-2.65344
-2.77565
-2.91487
-3.06884
-3.23462
-3.4091
-3.58947
-3.77363
-3.96046
-4.14991
-4.34299
-4.54171
-4.74923
-4.97024
-5.21173
-5.48401
-5.80113
-6.18018
-6.63868
-7.18934
-7.82776
-8.50199
-9.05631
-9.21454
-8.78987
-7.94901
-7.00119
-6.11594
-5.33538
-4.6527
-4.04972
-3.5083
-3.01279
-2.55053
-2.1118
-1.68967
-1.27963
-0.879089
-0.486838
-0.102574
0.273536
0.641226
1.00044
1.35161
1.69581
2.0349
2.37138
2.70808
3.04766
3.39186
3.74091
4.09305
4.44424
4.78744
5.1108
5.39415
5.60525
5.70035
5.63702
5.39922
5.0137
4.53618
4.0211
3.50381
3.0004
2.51466
2.04441
1.58547
1.13374
0.686082
0.240708
-0.202792
-0.64346
-1.07901
-1.50581
-1.91884
-2.31156
-2.67566
-3.00085
-3.27466
-3.48266
-3.60991
-3.64397
-3.57919
-3.15909
-3.31712
-3.48937
-3.68185
-3.90239
-4.16038
-4.46629
-4.8304
-5.26058
-5.75752
-6.3046
-6.84895
-7.27851
-7.43304
-7.20394
-6.64321
-5.90643
-5.12304
-4.35876
-3.63862
-2.96991
-2.35309
-1.78592
-1.26485
-0.785728
-0.344226
0.0639811
0.443188
0.797762
1.13231
1.45184
1.76188
2.06845
2.37806
2.69732
3.03242
3.38818
3.76628
4.16245
4.56201
4.93423
5.2288
5.38298
5.34634
5.11094
4.71586
4.22054
3.67692
3.11958
2.56838
2.03385
1.52123
1.03274
0.568794
0.128547
-0.289748
-0.68858
-1.07105
-1.44072
-1.80146
-2.15702
-2.51055
-2.86362
-3.21488
-3.55809
-3.87977
-4.15732
-4.35985
-4.45456
-4.4189
-4.25156
-3.97306
-3.61529
-3.20943
-2.7794
-2.34114
-1.90431
-1.47447
-1.05454
-0.645891
-0.248841
0.136955
0.512321
0.878386
1.23643
1.58764
1.93281
2.27178
2.60276
2.92125
3.21894
3.48256
3.69377
3.83124
3.87571
3.81691
3.65821
3.41563
3.11162
-1.07122
-0.860966
-0.61749
-0.351521
-0.0714124
0.216488
0.507253
0.796719
1.08086
1.35526
1.61484
1.85373
2.06542
2.24314
2.38033
2.47109
2.51063
2.49566
2.42462
2.29787
2.11763
1.8877
1.61301
1.29903
0.951274
0.575069
0.175605
-0.241931
-0.672239
-1.10994
-1.54985
-1.98739
-2.41915
-2.84349
-3.26096
-3.67431
-4.08781
-4.50536
-4.92679
-5.34154
-5.72035
-6.00954
-6.14138
-6.06982
-5.80644
-5.41156
-4.95202
-4.47368
-3.99993
-3.53994
-3.09602
-2.66766
-2.25344
-1.85169
-1.46082
-1.07939
-0.706169
-0.340206
0.0192471
0.372793
0.721013
1.0646
1.40446
1.74181
2.07816
2.41522
2.75475
3.09813
3.44584
3.79637
4.14465
4.47949
4.7803
5.01469
5.1411
5.12151
4.94169
4.6225
4.20887
3.74738
3.27196
2.80186
2.34574
1.90615
1.48268
1.07379
0.677733
0.29302
-0.0814261
-0.446193
-0.801354
-1.14645
-1.4804
-1.80143
-2.10685
-2.39281
-2.65396
-2.88313
-3.07121
-4.21806
-4.00841
-3.92207
-3.95298
-4.09345
-4.33415
-4.66355
-5.06622
-5.51885
-5.98212
-6.38862
-6.63714
-6.62156
-6.30365
-5.75346
-5.09151
-4.41374
-3.77281
-3.19245
-2.68239
-2.24624
-1.88458
-1.59601
-1.37754
-1.2248
-1.13236
-1.09404
-1.1032
-1.15303
-1.23682
-1.34813
-1.48103
-1.63018
-1.79099
-1.95974
-2.13361
-2.31072
-2.49013
-2.67176
-2.85623
-3.0446
-3.23814
-3.43807
-3.64533
-3.86038
-4.08293
-4.31123
-4.54089
-4.76276
-4.9602
-5.10683
-5.16789
-5.10934
-4.91387
-4.59252
-4.1792
-3.71322
-3.22537
-2.73442
-2.24984
-1.77585
-1.31439
-0.866849
-0.434868
-0.0206485
0.373046
0.743004
1.08571
1.39753
1.67481
1.91405
2.11198
2.26567
2.37275
2.43159
2.44175
2.40427
2.32193
2.19916
2.04168
1.85583
1.64785
1.42345
1.18749
0.944092
0.696799
0.448942
0.203937
-0.0344357
-0.261867
-0.473473
-0.663907
-0.827627
-0.959318
-1.05442
-1.1097
-1.12368
-1.09692
-1.03198
-1.71625
-1.78173
-1.83282
-1.86762
-1.88382
-1.87888
-1.85027
-1.79567
-1.71314
-1.60125
-1.45919
-1.28682
-1.08471
-0.854082
-0.596842
-0.315463
-0.0129125
0.307459
0.642038
0.987055
1.33866
1.69292
2.04571
2.39238
2.72716
3.04234
3.32732
3.56804
3.74776
3.85003
3.86365
3.78757
3.63202
3.415
3.15646
2.87369
2.5794
2.28183
1.98573
1.69353
1.4062
1.1239
0.846348
0.573057
0.303494
0.0371383
-0.226477
-0.487734
-0.746912
-1.00415
-1.25938
-1.51226
-1.76203
-2.00727
-2.24566
-2.47358
-2.6857
-2.87462
-3.03085
-3.14332
-3.20097
-3.19511
-3.12202
-2.98442
-2.79086
-2.55351
-2.28532
-1.99792
-1.70067
-1.40056
-1.10261
-0.810362
-0.526351
-0.252476
0.00975626
0.259051
0.494211
0.714048
0.917319
1.10268
1.26864
1.41355
1.53564
1.63307
1.70405
1.74704
1.76097
1.74547
1.70104
1.62912
1.53203
1.41284
1.27511
1.12265
0.959329
0.78892
0.615034
0.441084
0.270286
-1.1765
-0.334297
0.528573
1.38808
2.21229
2.96192
3.59202
4.05587
4.31317
4.3441
4.16396
3.82441
3.39513
2.93957
2.50152
2.10463
1.75788
1.4613
1.21013
0.997314
0.814935
0.654932
0.509452
0.370993
0.232438
0.0870513
-0.0715369
-0.249312
-0.451807
-0.683939
-0.949719
-1.25175
-1.59046
-1.96286
-2.36085
-2.76894
-3.16176
-3.5028
-3.74695
-3.84997
-3.78365
-3.54811
-3.17097
-2.69463
-2.16193
-1.60811
-1.05884
-0.531272
-0.0357512
0.422583
0.842518
1.22569
1.57558
1.89657
2.19289
2.46755
2.72125
2.95139
3.15157
3.31201
3.42127
3.46905
3.44895
3.35992
3.20571
2.99308
2.72992
2.42401
2.08258
1.71229
1.31939
0.90974
0.488872
0.0618746
-0.366706
-0.792995
-1.21389
-1.62713
-2.03119
-2.42502
-2.80743
-3.17598
-3.52533
-3.84522
-4.11881
-4.32301
-4.43315
-4.43208
-4.31886
-4.11
-3.83172
-3.51017
-3.16554
-2.81102
-2.45422
-2.09907
-1.74741
-1.39994
-1.05681
1.79712
1.43275
1.07401
0.729675
0.403353
0.0951264
-0.197091
-0.476467
-0.746378
-1.00966
-1.26791
-1.52078
-1.76532
-1.99537
-2.20136
-2.37074
-2.48935
-2.54379
-2.52419
-2.4264
-2.25266
-2.01066
-1.71164
-1.36842
-0.993835
-0.599837
-0.19697
0.205834
0.601287
0.983641
1.34846
1.69222
2.01179
2.30381
2.56403
2.78693
2.96581
3.09365
3.16465
3.17594
3.1287
3.02791
2.881
2.69616
2.48096
2.24166
1.9831
1.70895
1.422
1.12452
0.818396
0.505339
0.186922
-0.135383
-0.460199
-0.786245
-1.1123
-1.43715
-1.75942
-2.07731
-2.38817
-2.68784
-2.96983
-3.22452
-3.43869
-3.59632
-3.68123
-3.68164
-3.59467
-3.42802
-3.19733
-2.92121
-2.61674
-2.2972
-1.9718
-1.64641
-1.32447
-1.00791
-0.697696
-0.394285
-0.0978587
0.191495
0.473666
0.748428
1.01534
1.27365
1.5221
1.75883
1.98107
2.18501
2.3656
2.51655
2.63072
2.70083
2.72078
2.68698
2.59948
2.46222
2.28224
-4.64444
-5.1148
-5.59628
-6.07947
-6.53052
-6.87772
-7.02289
-6.90287
-6.55186
-6.07206
-5.55543
-5.05172
-4.57878
-4.1389
-3.72878
-3.34377
-2.97936
-2.63147
-2.29653
-1.97155
-1.65425
-1.34316
-1.03762
-0.73778
-0.444392
-0.158649
0.118027
0.384188
0.638529
0.880024
1.10802
1.32227
1.52288
1.71024
1.88488
2.04726
2.19772
2.33636
2.46311
2.57784
2.68054
2.77143
2.85105
2.92013
2.9794
3.02929
3.0695
3.09871
3.11424
3.11197
3.0865
3.03183
2.94231
2.8139
2.64512
2.43752
2.19535
1.92488
1.63351
1.32911
1.01962
0.712882
0.416487
0.137678
-0.116849
-0.341188
-0.530512
-0.68134
-0.791753
-0.861498
-0.891958
-0.885976
-0.847545
-0.78143
-0.692769
-0.586726
-0.468232
-0.341848
-0.211732
-0.0816834
0.0447571
0.1642
0.273326
0.368846
0.447541
0.506357
0.542578
0.554031
0.539288
0.497846
0.430231
0.338006
0.223696
0.090631
-0.0572685
-0.215718
-0.380291
-0.546613
-0.710511
-0.576042
-0.252278
0.0789926
0.412714
0.745041
1.07308
1.39468
1.70827
2.01281
2.30774
2.59304
2.86924
3.13752
3.39977
3.65879
3.9186
4.18496
4.46585
4.77187
5.11589
5.51194
5.97275
6.50479
7.09706
7.69694
8.17363
8.32054
8.00001
7.31249
6.48291
5.66358
4.91073
4.23279
3.62231
3.06827
2.55983
2.0874
1.64293
1.22002
0.813805
0.420702
0.0380971
-0.336031
-0.703461
-1.06603
-1.42589
-1.78562
-2.1483
-2.5174
-2.89644
-3.28853
-3.69563
-4.11751
-4.55007
-4.98221
-5.39076
-5.73384
-5.94895
-5.96869
-5.76012
-5.35523
-4.83137
-4.26388
-3.70042
-3.16267
-2.65648
-2.18014
-1.72904
-1.29791
-0.881791
-0.476467
-0.0785031
0.314757
0.705248
1.09419
1.48205
1.86838
2.25157
2.62838
2.99336
3.33785
3.6489
3.90837
4.09333
4.17963
4.14925
3.99888
3.74331
3.41015
3.02969
2.6269
2.21858
1.81419
1.41799
1.03109
0.652941
0.282348
-0.0818826
-0.440516
-0.76237
-0.731882
-0.731453
-0.761838
-0.823187
-0.914871
-1.0351
-1.18029
-1.34428
-1.51743
-1.68584
-1.83116
-1.93139
-1.96312
-1.9049
-1.74119
-1.46532
-1.08093
-0.601638
-0.0494072
0.547734
1.15826
1.74978
2.29153
2.75681
3.12546
3.38662
3.54121
3.60265
3.59421
3.54336
3.47564
3.41065
3.36095
3.33284
3.32799
3.34505
3.38101
3.4322
3.49498
3.56628
3.64397
3.72717
3.81636
3.91326
4.02041
4.14041
4.27517
4.42538
4.59047
4.76875
4.95704
5.14943
5.33453
5.49177
5.58873
5.58435
5.44312
5.15583
4.74757
4.26244
3.74094
3.209
2.67918
2.15609
1.64103
1.13473
0.638738
0.155799
-0.310098
-0.753928
-1.16989
-1.55171
-1.8929
-2.18708
-2.42822
-2.61095
-2.73101
-2.78581
-2.77523
-2.70224
-2.5731
-2.39669
-2.18324
-1.94279
-1.68395
-1.41333
-1.13554
-0.853654
-0.569849
-0.286037
-0.00448444
0.271695
0.538187
0.78929
1.01795
1.21608
1.37523
1.48755
2.1235
2.20928
2.20742
2.14608
2.05617
1.96456
1.8908
1.84679
1.83799
1.86517
1.9261
2.01671
2.13207
2.26689
2.41597
2.57442
2.73793
2.90278
3.06601
3.22535
3.37918
3.52643
3.66639
3.79866
3.92302
4.03948
4.14854
4.25159
4.35148
4.45303
4.56316
4.69046
4.84413
5.03208
5.25769
5.51451
5.77901
6.00546
6.1333
6.11402
5.93898
5.63693
5.24731
4.80071
4.31625
3.80644
3.28154
2.751
2.22302
1.70367
1.19685
0.704787
0.228953
-0.229333
-0.668688
-1.08781
-1.48581
-1.86267
-2.21964
-2.55956
-2.88711
-3.20871
-3.53216
-3.86573
-4.21648
-4.58735
-4.9723
-5.34912
-5.67245
-5.87579
-5.89559
-5.71021
-5.35399
-4.88876
-4.36888
-3.82896
-3.28766
-2.75451
-2.23454
-1.73057
-1.24413
-0.775886
-0.325886
0.106348
0.521762
0.921802
1.3085
1.68453
2.05327
2.4186
2.78462
3.15492
3.53136
3.91201
4.28809
4.63981
4.93304
5.12138
5.15994
2.28579
2.66025
2.94306
3.14865
3.29193
3.38763
3.44983
3.49169
3.52517
3.56059
3.6061
3.66723
3.74656
3.84399
3.95731
4.08317
4.21814
4.35947
4.50559
4.65627
4.81261
4.97715
5.15436
5.3514
5.57895
5.85115
6.1838
6.59104
7.08176
7.65407
8.27932
8.86244
9.19284
9.01568
8.31934
7.38696
6.46859
5.6553
4.95175
4.33712
3.78818
3.28559
2.81498
2.36655
1.93419
1.51465
1.10668
0.710405
0.326786
-0.042797
-0.396893
-0.734264
-1.05408
-1.35604
-1.64026
-1.90708
-2.15663
-2.38839
-2.60085
-2.79145
-2.95695
-3.0941
-3.20028
-3.27401
-3.315
-3.32393
-3.30203
-3.25073
-3.17147
-3.06563
-2.93457
-2.77973
-2.60263
-2.40484
-2.18792
-1.95344
-1.703
-1.43853
-1.16253
-0.878393
-0.590714
-0.305406
-0.0297064
0.228079
0.459066
0.654534
0.806824
0.910276
0.962002
0.962289
0.914513
0.824563
0.69993
0.548699
0.378673
0.196771
0.00874864
-0.180803
-0.368255
-1.99438
-1.79633
-1.54952
-1.24946
-0.891637
-0.473128
0.00525486
0.536323
1.10329
1.67641
2.21075
2.64767
2.92382
2.98892
2.82579
2.45899
1.94437
1.34831
0.730341
0.135015
-0.409157
-0.887525
-1.29615
-1.63872
-1.92378
-2.16255
-2.36699
-2.54845
-2.71653
-2.87832
-3.03797
-3.19674
-3.35333
-3.50467
-3.6468
-3.77575
-3.88811
-3.98146
-4.0545
-4.10735
-4.14189
-4.16223
-4.17482
-4.18774
-4.20876
-4.2427
-4.28925
-4.34279
-4.39427
-4.43429
-4.45529
-4.45223
-4.4218
-4.36131
-4.26786
-4.13842
-3.97065
-3.76396
-3.5202
-3.24325
-2.93782
-2.60805
-2.25668
-1.88514
-1.49418
-1.08489
-0.659638
-0.222993
0.217649
0.651651
1.06509
1.44118
1.76145
2.00767
2.16478
2.22404
2.18549
2.05843
1.85939
1.60842
1.32522
1.02638
0.724198
0.426687
0.138247
-0.139357
-0.40602
-0.662396
-0.909088
-1.14594
-1.3714
-1.58204
-1.77227
-1.9344
-2.05928
-2.13742
-2.16048
-2.12281
-2.02245
-4.70852
-4.63989
-4.59829
-4.57917
-4.57814
-4.59126
-4.61518
-4.64711
-4.68498
-4.72765
-4.77534
-4.83
-4.89572
-4.97883
-5.08775
-5.23214
-5.42121
-5.66028
-5.94468
-6.24972
-6.52067
-6.67748
-6.65169
-6.43294
-6.06722
-5.61257
-5.10954
-4.5804
-4.03819
-3.49303
-2.95393
-2.42796
-1.91933
-1.42952
-0.958372
-0.505248
-0.0698447
0.34758
0.746366
1.12582
1.48563
1.82626
2.14929
2.45773
2.75613
3.05071
3.34908
3.65976
3.99113
4.34954
4.73598
5.14038
5.53322
5.85795
6.03647
6.0022
5.74483
5.31565
4.78663
4.21427
3.63199
3.05703
2.49797
1.95918
1.44286
0.949884
0.480203
0.0330868
-0.392785
-0.799306
-1.18898
-1.56499
-1.93117
-2.29194
-2.65192
-3.01534
-3.38488
-3.75988
-4.13346
-4.48867
-4.79495
-5.0087
-5.08413
-4.99431
-4.7476
-4.38215
-3.94453
-3.47267
-2.99115
-2.51377
-2.04749
-1.59541
-1.15853
-0.736693
-0.329073
0.0655798
0.448824
0.822447
1.1884
-3.63683
-3.88714
-4.19883
-4.57992
-5.03633
-5.56783
-6.15924
-6.7626
-7.27123
-7.51606
-7.35278
-6.80197
-6.02844
-5.18916
-4.36876
-3.60058
-2.89473
-2.25228
-1.67064
-1.14551
-0.671806
-0.244127
0.143016
0.495141
0.817861
1.11699
1.39867
1.6694
1.93606
2.20577
2.48567
2.78245
3.1015
3.44559
3.81249
4.19137
4.558
4.87083
5.07378
5.11289
4.96293
4.64145
4.1951
3.67429
3.11813
2.55242
1.99313
1.45
0.928893
0.433041
-0.0362367
-0.479184
-0.897361
-1.29344
-1.67098
-2.03405
-2.38671
-2.73212
-3.07135
-3.40154
-3.71379
-3.99118
-4.20867
-4.33728
-4.35338
-4.24886
-4.03467
-3.73465
-3.37547
-2.97969
-2.56365
-2.13831
-1.71081
-1.28581
-0.866415
-0.454632
-0.0516756
0.341895
0.72608
1.10136
1.46855
1.82864
2.18236
2.52963
2.86863
3.19456
3.49808
3.76397
3.9711
4.09546
4.117
4.0279
3.8367
3.56458
3.23708
2.87687
2.50069
2.11943
1.73957
-0.849267
-0.926499
-0.973571
-0.997805
-1.00516
-1.00028
-0.986677
-0.966801
-0.942237
-0.913805
-0.881665
-0.845399
-0.804065
-0.756246
-0.70008
-0.633292
-0.553239
-0.456971
-0.341339
-0.20317
-0.039547
0.151773
0.371736
0.619133
0.889468
1.17365
1.45671
1.71718
1.92784
2.05886
2.08339
1.98421
1.75859
1.41913
0.990424
0.503531
-0.0093692
-0.519026
-1.00159
-1.43978
-1.82307
-2.14715
-2.41299
-2.62558
-2.7926
-2.92304
-3.0258
-3.10865
-3.17741
-3.23572
-3.28512
-3.32548
-3.3555
-3.37322
-3.37647
-3.3633
-3.33231
-3.28295
-3.21576
-3.13237
-3.03528
-2.92723
-2.81055
-2.68646
-2.55485
-2.41442
-2.26324
-2.09948
-1.92205
-1.73096
-1.5275
-1.31412
-1.09427
-0.872086
-0.652211
-0.439533
-0.239017
-0.0555585
0.106155
0.241757
0.347311
0.419417
0.455294
0.452856
0.410756
0.328404
0.205961
0.0443106
-0.154983
-0.389723
-0.657146
-0.954006
-1.27669
-1.62138
-1.98429
-2.36182
-2.7508
-3.14837
-3.55155
-2.42038
-2.31023
-2.3586
-2.55962
-2.90249
-3.37138
-3.94589
-4.6026
-5.31727
-6.0659
-6.81903
-7.52138
-8.05884
-8.26215
-8.03486
-7.49112
-6.84614
-6.24318
-5.73508
-5.32928
-5.01819
-4.79138
-4.63928
-4.55403
-4.52943
-4.56074
-4.64448
-4.77816
-4.9598
-5.18689
-5.45424
-5.74989
-6.04805
-6.30018
-6.43216
-6.3656
-6.0675
-5.5807
-4.98995
-4.36801
-3.7561
-3.17167
-2.62033
-2.10341
-1.62142
-1.17511
-0.765619
-0.39423
-0.0620932
0.230003
0.481793
0.69364
0.866605
1.00248
1.1038
1.17376
1.21619
1.23539
1.23598
1.2228
1.20071
1.17447
1.14858
1.12719
1.11398
1.11203
1.12372
1.15066
1.19351
1.25193
1.32447
1.40849
1.50019
1.59467
1.68615
1.76829
1.83477
1.87988
1.8993
1.89064
1.85383
1.79105
1.70637
1.60508
1.49292
1.37544
1.25746
1.14282
1.03422
0.933269
0.840556
0.755799
0.67801
0.605652
0.536801
0.469284
0.400811
0.329096
0.251961
-4.08743
-3.75074
-3.4158
-3.08298
-2.75402
-2.43147
-2.11817
-1.81678
-1.52949
-1.258
-1.00372
-0.768088
-0.55298
-0.36103
-0.195894
-0.0622841
0.0342408
0.087807
0.0930528
0.0461742
-0.0539811
-0.205001
-0.400413
-0.629766
-0.879381
-1.13367
-1.37691
-1.59512
-1.77785
-1.91939
-2.01925
-2.0817
-2.11451
-2.12721
-2.12938
-2.12932
-2.13319
-2.14478
-2.1655
-2.19477
-2.23042
-2.26912
-2.30684
-2.3392
-2.36186
-2.37072
-2.36221
-2.33341
-2.28221
-2.20739
-2.10857
-1.98617
-1.84122
-1.67514
-1.48949
-1.2858
-1.06551
-0.82994
-0.580365
-0.318124
-0.0446721
0.238401
0.52942
0.826728
1.12882
1.43452
1.74308
2.05437
2.36888
2.68777
3.01274
3.34573
3.68839
4.04107
4.40115
4.76001
5.0987
5.38312
5.56351
5.58703
5.4254
5.09685
4.65583
4.16111
3.65456
3.15859
2.68231
2.22772
1.79367
1.37801
0.978563
0.593527
0.221557
-0.138234
-0.486336
-0.822895
-1.14775
-1.46042
-1.76008
3.88423
3.16929
2.49755
1.90956
1.42634
1.05599
0.797761
0.644815
0.586496
0.610128
0.702435
0.850547
1.04262
1.26814
1.51802
1.78458
2.06146
2.3436
2.62716
2.90954
3.18937
3.46659
3.74254
4.02023
4.3047
4.60333
4.92586
5.28376
5.68878
6.1503
6.67034
7.23197
7.77518
8.16529
8.21103
7.81553
7.10562
6.29482
5.5149
4.80899
4.17821
3.61048
3.09196
2.61049
2.15651
1.72299
1.30511
0.899803
0.505313
0.120749
-0.254289
-0.620023
-0.976717
-1.32479
-1.6648
-1.99733
-2.32272
-2.64078
-2.95057
-3.25026
-3.53707
-3.80716
-4.05513
-4.27303
-4.44911
-4.56694
-4.60668
-4.55
-4.38806
-4.12759
-3.78946
-3.40011
-2.98282
-2.5534
-2.12051
-1.68793
-1.25685
-0.827639
-0.400941
0.0216846
0.437435
0.842099
1.22999
1.59394
1.92535
2.21443
2.45062
2.62348
2.72419
2.7474
2.69306
2.56714
2.38075
2.14794
1.88293
1.59805
1.30272
1.00337
0.704007
3.70337
3.01424
2.2112
1.33709
0.437438
-0.438546
-1.23847
-1.9104
-2.40982
-2.70849
-2.80254
-2.71534
-2.49169
-2.18502
-1.8443
-1.50629
-1.19413
-0.919648
-0.686737
-0.494395
-0.338927
-0.215387
-0.118441
-0.0428449
0.016324
0.0635791
0.103025
0.1384
0.173141
0.210453
0.253369
0.304802
0.367567
0.444376
0.537774
0.650014
0.782831
0.937086
1.11224
1.30567
1.51175
1.72099
1.91938
2.08838
2.20629
2.25098
2.20374
2.05297
1.79635
1.44089
1.00133
0.497828
-0.04649
-0.607582
-1.16223
-1.68939
-2.17105
-2.59275
-2.94387
-3.21794
-3.41343
-3.53454
-3.59117
-3.59755
-3.56939
-3.52096
-3.46312
-3.4027
-3.34297
-3.28449
-3.22611
-3.16577
-3.10122
-3.03046
-2.95211
-2.86552
-2.77073
-2.66834
-2.5591
-2.44363
-2.32213
-2.19437
-2.05977
-1.91775
-1.76794
-1.61055
-1.44646
-1.2773
-1.10542
-0.933722
-0.765588
-0.604672
-0.454771
-0.319695
-0.203137
-0.108572
-0.0391619
0.00232281
0.013572
-3.77255
-3.74688
-3.81224
-3.95879
-4.17698
-4.45819
-4.7956
-5.18449
-5.62147
-6.10076
-6.60498
-7.08761
-7.45204
-7.56116
-7.32648
-6.8067
-6.15436
-5.49179
-4.87529
-4.31951
-3.82218
-3.37635
-2.97514
-2.61298
-2.28578
-1.99069
-1.72573
-1.4896
-1.28144
-1.10063
-0.946747
-0.819415
-0.718262
-0.642869
-0.592735
-0.567259
-0.565729
-0.587326
-0.631127
-0.696119
-0.781225
-0.885322
-1.00727
-1.14596
-1.30034
-1.46942
-1.65238
-1.84853
-2.05738
-2.27861
-2.51207
-2.7577
-3.01534
-3.28443
-3.56337
-3.84848
-4.13236
-4.40154
-4.63412
-4.7992
-4.86169
-4.79461
-4.59345
-4.28011
-3.89165
-3.46441
-3.02508
-2.58987
-2.16733
-1.7615
-1.37409
-1.00575
-0.656742
-0.327195
-0.0172199
0.27309
0.543676
0.794544
1.02577
1.23749
1.42989
1.60312
1.7572
1.89197
2.00691
2.1011
2.17317
2.22134
2.24356
2.23785
2.20264
2.13716
2.04176
1.91809
1.76894
1.59809
1.40995
1.20924
1.00077
-0.703371
-0.428203
-0.194523
-0.00379962
0.143101
0.245942
0.305101
0.321514
0.296635
0.232395
0.131179
-0.00419946
-0.170535
-0.364302
-0.581768
-0.819133
-1.07271
-1.33909
-1.61536
-1.89925
-2.1893
-2.48498
-2.78671
-3.09587
-3.41462
-3.74553
-4.09096
-4.45181
-4.82534
-5.20128
-5.55575
-5.8447
-6.00447
-5.97269
-5.72844
-5.31259
-4.79939
-4.25382
-3.71433
-3.19758
-2.70789
-2.24408
-1.80316
-1.38197
-0.977904
-0.588994
-0.213927
0.148083
0.49741
0.834108
1.15797
1.46854
1.76512
2.04672
2.31191
2.55874
2.78436
2.98475
3.15432
3.28574
3.37022
3.39866
3.36368
3.26202
3.09618
2.87416
2.60749
2.30849
1.98817
1.65524
1.3162
0.975847
0.637979
0.305967
-0.016797
-0.326621
-0.619371
-0.890439
-1.13482
-1.34729
-1.52271
-1.65645
-1.74491
-1.78604
-1.7798
-1.72833
-1.63579
-1.50788
-1.35109
-1.17205
-0.976973
-0.771278
-0.559572
-0.345715
-0.133036
0.0754179
0.276633
0.467431
0.644338
-4.27178
-4.40782
-4.55195
-4.70882
-4.88494
-5.08762
-5.32342
-5.59655
-5.90797
-6.25412
-6.62262
-6.98201
-7.26618
-7.3698
-7.19273
-6.72995
-6.089
-5.39551
-4.72282
-4.09499
-3.51137
-2.96336
-2.44194
-1.94024
-1.45413
-0.981807
-0.523211
-0.0794495
0.347659
0.75586
1.14259
1.50503
1.8401
2.14457
2.41526
2.64927
2.8442
2.99822
3.11001
3.17856
3.20306
3.18299
3.11843
3.01056
2.86205
2.677
2.46057
2.21823
1.95512
1.67562
1.38339
1.08168
0.773754
0.463418
0.155373
-0.144514
-0.429163
-0.690464
-0.91972
-1.10836
-1.24888
-1.33583
-1.36672
-1.34247
-1.26733
-1.14821
-0.99359
-0.81242
-0.61312
-0.402985
-0.18793
0.0274533
0.239638
0.445797
0.643402
0.829847
1.00214
1.15672
1.2894
1.39557
1.4705
1.50984
1.51024
1.46976
1.38818
1.26708
1.10961
0.92015
0.703905
0.466497
0.213642
-0.0490853
-0.31641
-0.583418
-0.845547
-1.09851
-1.33818
-1.56042
-1.76096
-3.1836
-2.95064
-2.72111
-2.49274
-2.2642
-2.03485
-1.80453
-1.57343
-1.342
-1.1109
-0.880926
-0.652968
-0.427947
-0.206799
0.00955515
0.220223
0.424347
0.621111
0.809744
0.98953
1.15981
1.32
1.46959
1.60818
1.73545
1.85122
1.95545
2.04823
2.12984
2.20077
2.26178
2.31393
2.35866
2.39787
2.43399
2.47003
2.50963
2.55712
2.61748
2.69633
2.79981
2.93445
3.10681
3.32284
3.5868
3.89906
4.25246
4.6266
4.981
5.25261
5.36811
5.2753
4.97164
4.49939
3.91547
3.26852
2.59333
1.91391
1.2473
0.60591
-0.00147319
-0.569162
-1.09435
-1.57692
-2.01921
-2.42552
-2.80143
-3.15254
-3.48282
-3.79234
-4.07495
-4.31662
-4.4966
-4.59307
-4.59192
-4.49313
-4.3095
-4.0596
-3.7609
-3.42675
-3.06638
-2.68627
-2.29132
-1.88567
-1.47299
-1.05657
-0.639264
-0.223532
0.188611
0.595593
0.996359
1.39048
1.77826
2.16081
2.53998
2.91802
3.29689
3.67693
4.05466
1.55792
1.28234
1.02065
0.765929
0.511115
0.249462
-0.0251121
-0.317707
-0.63205
-0.969971
-1.33065
-1.70962
-2.09743
-2.47819
-2.82851
-3.11785
-3.3121
-3.38126
-3.3093
-3.10056
-2.77796
-2.37435
-1.9231
-1.45224
-0.982551
-0.527961
-0.0967803
0.307001
0.682551
1.03119
1.35548
1.65834
1.94215
2.20787
2.4541
2.67639
2.86702
3.01564
3.11098
3.14338
3.10722
3.00212
2.83242
2.60559
2.3304
2.01566
1.66963
1.29976
0.912796
0.514758
0.111005
-0.293808
-0.695748
-1.09161
-1.47886
-1.8554
-2.21919
-2.56755
-2.89625
-3.19826
-3.46282
-3.67524
-3.81876
-3.8788
-3.84835
-3.73136
-3.54142
-3.29681
-3.01528
-2.71101
-2.39395
-2.07047
-1.74441
-1.41797
-1.09238
-0.768355
-0.446277
-0.12639
0.191154
0.506243
0.818775
1.1286
1.43543
1.73869
2.03727
2.32913
2.61075
2.8765
3.11786
3.32305
3.47741
3.56546
3.57463
3.49953
3.34447
3.12229
2.85022
2.54539
2.222
1.8416
2.40015
2.93158
3.43383
3.9058
4.34469
4.74182
5.07831
5.32438
5.44804
5.43297
5.292
5.06083
4.77889
4.47555
4.16747
3.86205
3.56149
3.26572
2.974
2.68552
2.39958
2.11548
1.83249
1.54987
1.26699
0.983464
0.699259
0.414732
0.130582
-0.152252
-0.432727
-0.709849
-0.98281
-1.25111
-1.5146
-1.77356
-2.02859
-2.28055
-2.53042
-2.77913
-3.02741
-3.2756
-3.5234
-3.76939
-4.01024
-4.23935
-4.4451
-4.60916
-4.70665
-4.71042
-4.60059
-4.37496
-4.05153
-3.6601
-3.23023
-2.78397
-2.33488
-1.89023
-1.45363
-1.02705
-0.612035
-0.210311
0.175918
0.543929
0.890504
1.21201
1.50447
1.7637
1.98537
2.16517
2.29907
2.38372
2.41697
2.39848
2.33015
2.21617
2.06263
1.8767
1.66572
1.43645
1.19464
0.945032
0.691486
0.437346
0.185793
-0.0598324
-0.295781
-0.517758
-0.720914
-0.899994
-1.04964
-1.16485
-1.24152
-1.27701
-1.27056
-1.22347
-1.13895
-1.02175
-4.03446
-4.4136
-4.80475
-5.17721
-5.47761
-5.63702
-5.59931
-5.35568
-4.94822
-4.43863
-3.87875
-3.30203
-2.7277
-2.16648
-1.62452
-1.10532
-0.610648
-0.141008
0.304158
0.726347
1.12794
1.51216
1.88294
2.24473
2.60199
2.9584
3.31556
3.67096
4.01523
4.32902
4.58163
4.73491
4.75567
4.6316
4.378
4.02845
3.61902
3.17826
2.72513
2.27102
1.82245
1.383
0.954565
0.537933
0.133196
-0.260107
-0.642875
-1.01637
-1.38213
-1.74174
-2.09661
-2.4474
-2.79329
-3.13076
-3.4521
-3.7437
-3.98512
-4.15065
-4.21511
-4.16317
-3.99688
-3.73523
-3.4058
-3.03542
-2.64478
-2.24767
-1.8523
-1.46306
-1.08203
-0.709909
-0.346649
0.0081826
0.355175
0.694907
1.0278
1.35391
1.67275
1.98287
2.28146
2.56375
2.82242
3.04718
3.22495
3.34128
3.38324
3.34321
3.22191
3.02862
2.77832
2.48765
2.17156
1.84173
1.5064
1.17097
0.838788
0.511889
0.191529
-0.121385
-0.425996
0.996293
0.927347
0.77906
0.548092
0.23392
-0.160744
-0.629692
-1.16315
-1.74792
-2.36776
-3.00384
-3.63477
-4.23551
-4.7744
-5.21
-5.49381
-5.58741
-5.4895
-5.24549
-4.924
-4.58511
-4.26667
-3.98697
-3.75198
-3.56114
-3.41088
-3.29655
-3.21339
-3.15707
-3.1239
-3.11102
-3.11627
-3.13818
-3.17577
-3.22846
-3.29586
-3.3778
-3.47421
-3.58505
-3.71008
-3.84846
-3.99803
-4.15417
-4.30829
-4.44613
-4.54672
-4.58374
-4.53122
-4.373
-4.1105
-3.762
-3.35409
-2.91219
-2.45583
-1.99839
-1.54886
-1.1137
-0.698128
-0.306738
0.0562267
0.386893
0.68188
0.938455
1.15468
1.3295
1.46284
1.55556
1.60945
1.62713
1.61191
1.56762
1.49842
1.40854
1.30213
1.18308
1.05492
0.920871
0.783826
0.646491
0.511479
0.381399
0.258916
0.146754
0.0476266
-0.0358749
-0.101453
-0.147284
-0.172198
-0.1758
-0.158536
-0.121665
-0.0671574
0.00246388
0.0843205
0.175368
0.272558
0.372963
0.473836
0.572635
-1.66102
-1.68717
-1.74077
-1.81346
-1.89362
-1.9665
-2.01458
-2.01853
-1.95871
-1.81697
-1.57855
-1.23387
-0.779888
-0.221167
0.429466
1.15074
1.91321
2.67996
3.40745
4.04645
4.54481
4.85639
4.95898
4.87179
4.65251
4.37202
4.08911
3.84117
3.64697
3.51297
3.43849
3.41916
3.44901
3.52171
3.63127
3.77256
3.94164
4.13608
4.35518
4.60027
4.87471
5.18354
5.53252
5.92594
6.36199
6.82304
7.25776
7.56181
7.5944
7.27727
6.68607
5.97833
5.27022
4.61037
4.00792
3.457
2.9484
2.47383
2.02715
1.60432
1.20302
0.822156
0.461455
0.121099
-0.198519
-0.49696
-0.773819
-1.02875
-1.26147
-1.47173
-1.65934
-1.82423
-1.96657
-2.08685
-2.18601
-2.26543
-2.3269
-2.37249
-2.40439
-2.42465
-2.43497
-2.43651
-2.42966
-2.41395
-2.38802
-2.34967
-2.29617
-2.2246
-2.13238
-2.01779
-1.88037
-1.7212
-1.54292
-1.34955
-1.1462
-0.938649
-0.73303
-0.535402
-0.351436
3.49282
3.78968
4.03715
4.23684
4.39434
4.51798
4.61713
4.70066
4.77571
4.84685
4.9157
4.98127
5.04122
5.09364
5.13832
5.17684
5.21176
5.24574
5.28124
5.32108
5.36973
5.43487
5.5282
5.66392
5.85406
6.10306
6.4059
6.75023
7.11718
7.47263
7.74843
7.83219
7.6148
7.09794
6.41234
5.69849
5.02844
4.41804
3.8584
3.33444
2.83241
2.34232
1.85816
1.37722
0.899286
0.425717
-0.0412067
-0.498767
-0.944024
-1.37379
-1.78443
-2.17157
-2.52995
-2.85361
-3.13643
-3.37277
-3.55799
-3.68848
-3.76144
-3.77474
-3.72726
-3.61978
-3.45605
-3.24311
-2.99046
-2.70813
-2.4048
-2.08661
-1.75707
-1.41768
-1.06891
-0.711196
-0.345865
0.0241515
0.39374
0.755225
1.09824
1.40998
1.67596
1.88152
2.01395
2.06499
2.03292
1.9232
1.74743
1.52084
1.25946
0.977754
0.68737
0.396742
0.111382
-0.165507
-0.432304
-0.688232
-0.932664
-1.16449
-1.38159
-1.58044
-1.75591
-3.83306
-3.58581
-3.22405
-2.78639
-2.30848
-1.81767
-1.33255
-0.864622
-0.420124
-0.00155982
0.39118
0.759977
1.10778
1.43796
1.7536
2.05671
2.34728
2.62231
2.87478
3.0933
3.26278
3.36698
3.39254
3.33295
3.1904
2.97437
2.69831
2.37633
2.02118
1.6435
1.25187
0.8531
0.452598
0.0545751
-0.337766
-0.722094
-1.0968
-1.46076
-1.81303
-2.15231
-2.47625
-2.7805
-3.05777
-3.29717
-3.48447
-3.60428
-3.64394
-3.59803
-3.47073
-3.27434
-3.02513
-2.73906
-2.42927
-2.1054
-1.77402
-1.4394
-1.10428
-0.770371
-0.438788
-0.110246
0.214768
0.535892
0.852794
1.16506
1.47201
1.77251
2.06457
2.34496
2.60857
2.84796
3.05296
3.21113
3.30926
3.33626
3.28653
3.16217
2.97268
2.73207
2.45539
2.1559
1.84397
1.52698
1.20986
0.895785
0.586786
0.284177
-0.0110885
-0.298187
-0.57624
-0.844169
-1.10055
-1.34346
-1.57036
-1.77795
-1.96208
-2.11786
-2.23985
-2.3226
-2.36145
2.20276
2.35817
2.51779
2.66842
2.79462
2.87995
2.90868
2.86729
2.74553
2.53691
2.23886
1.8527
1.38346
0.839683
0.232968
-0.422607
-1.11112
-1.81558
-2.51887
-3.20476
-3.85818
-4.46388
-5.00242
-5.44474
-5.75121
-5.88495
-5.83892
-5.65079
-5.38381
-5.09496
-4.81975
-4.57436
-4.36313
-4.18464
-4.03533
-3.91143
-3.80974
-3.72786
-3.66406
-3.61695
-3.58523
-3.56754
-3.56261
-3.56938
-3.58715
-3.61549
-3.654
-3.70185
-3.75704
-3.81564
-3.87087
-3.9124
-3.92632
-3.89644
-3.8074
-3.64889
-3.41897
-3.12451
-2.7784
-2.39574
-1.99097
-1.57676
-1.16394
-0.76204
-0.379634
-0.0245439
0.296223
0.576672
0.812091
0.999317
1.13693
1.22533
1.26671
1.26486
1.22478
1.15232
1.05367
0.934925
0.801833
0.659554
0.512654
0.365171
0.220758
0.0828482
-0.0452036
-0.160033
-0.258264
-0.336595
-0.391979
-0.42186
-0.42444
-0.398914
-0.345635
-0.266159
-0.163171
-0.0402975
0.0981584
0.247521
0.403035
0.772455
0.433463
0.105206
-0.210193
-0.510427
-0.792907
-1.05471
-1.29259
-1.50299
-1.68214
-1.82628
-1.93192
-1.99623
-2.01754
-1.99576
-1.93257
-1.83141
-1.69711
-1.53531
-1.35187
-1.15238
-0.941916
-0.724897
-0.505197
-0.286292
-0.0714521
0.136084
0.332976
0.515717
0.680649
0.824064
0.942394
1.03248
1.09184
1.11901
1.11368
1.07684
1.01065
0.91828
0.803567
0.67072
0.52401
0.36756
0.205211
0.0404807
-0.123412
-0.283481
-0.436891
-0.580876
-0.71268
-0.829553
-0.92878
-1.00779
-1.06427
-1.09639
-1.10294
-1.08344
-1.03828
-0.968622
-0.876384
-0.764042
-0.634481
-0.490815
-0.336247
-0.173956
-0.00703615
0.161535
0.328894
0.492267
0.648939
0.796224
0.931446
1.05196
1.15517
1.23869
1.30039
1.33859
1.35223
1.34093
1.30508
1.24578
1.16478
1.06428
0.946811
0.815034
0.671643
0.519259
0.360388
0.197405
0.0325657
-0.131964
-0.294071
-0.451654
-0.602587
-0.744696
-0.875747
-0.993467
-1.0956
-1.17997
-3.9421
-3.97743
-3.96453
-3.9285
-3.88913
-3.85936
-3.84591
-3.85093
-3.87373
-3.91224
-3.96398
-4.02689
-4.09986
-4.18315
-4.27848
-4.38882
-4.51761
-4.66778
-4.84091
-5.03699
-5.25422
-5.48828
-5.72965
-5.95866
-6.1391
-6.21641
-6.13188
-5.85679
-5.41784
-4.87925
-4.30213
-3.72333
-3.15798
-2.60917
-2.07538
-1.55453
-1.04567
-0.549409
-0.0678585
0.395672
0.836982
1.25126
1.63333
1.97793
2.27991
2.53444
2.73719
2.88437
2.97301
3.00135
2.9695
2.88008
2.73849
2.55252
2.33119
2.08342
1.81689
1.53749
1.24939
0.955478
0.657994
0.359193
0.0619133
-0.229974
-0.511266
-0.775333
-1.01427
-1.21933
-1.38174
-1.49375
-1.54985
-1.5478
-1.48913
-1.37899
-1.22526
-1.03729
-0.824671
-0.596209
-0.359373
-0.120099
0.117101
0.348845
0.572492
0.785723
0.986153
1.171
1.33686
1.47967
1.59486
1.67771
1.72385
1.72994
1.69411
1.61632
1.4983
1.34335
1.15592
0.941108
0.704326
0.604128
0.606275
0.572626
0.50984
0.424691
0.323786
0.213407
0.0994423
-0.012593
-0.117503
-0.210357
-0.286472
-0.341456
-0.371313
-0.372616
-0.342716
-0.279958
-0.183879
-0.0553396
0.103412
0.288767
0.495864
0.718766
0.95069
1.18427
1.41183
1.62571
1.81859
1.98388
2.11623
2.21196
2.26949
2.28952
2.27487
2.22992
2.15988
2.07001
1.96497
1.84848
1.72317
1.59065
1.45164
1.30622
1.15402
0.994416
0.8267
0.65019
0.464339
0.268805
0.0634955
-0.151396
-0.37537
-0.607596
-0.846891
-1.09168
-1.3399
-1.58892
-1.83536
-2.07482
-2.30166
-2.50879
-2.68762
-2.8285
-2.92181
-2.95965
-2.93781
-2.85711
-2.72337
-2.54605
-2.33608
-2.10399
-1.85873
-1.60722
-1.35448
-1.10395
-0.857871
-0.617647
-0.384091
-0.157643
0.0614788
0.273164
0.47731
0.673742
0.862126
1.0419
1.21216
1.37163
1.51855
1.65064
1.76515
1.85893
1.92863
1.97108
1.98365
1.96474
1.91408
1.83291
1.7239
1.5908
-3.89592
-4.40281
-4.78268
-5.00754
-5.06793
-4.98461
-4.80396
-4.57862
-4.35036
-4.1447
-3.97363
-3.8405
-3.74389
-3.68017
-3.64507
-3.63453
-3.64523
-3.67483
-3.72203
-3.78638
-3.86802
-3.96729
-4.08445
-4.21954
-4.37219
-4.54129
-4.72402
-4.91417
-5.09931
-5.25754
-5.35567
-5.35345
-5.21763
-4.94048
-4.5457
-4.07424
-3.56445
-3.04235
-2.52227
-2.01129
-1.51309
-1.0304
-0.566142
-0.123748
0.292819
0.679285
1.03132
1.34481
1.61608
1.84213
2.02073
2.15062
2.23156
2.26443
2.25136
2.1957
2.10195
1.97539
1.82174
1.6466
1.45511
1.25176
1.04033
0.824107
0.606106
0.389398
0.177361
-0.0261375
-0.216671
-0.389333
-0.538974
-0.660579
-0.749758
-0.803254
-0.819383
-0.798295
-0.741986
-0.65406
-0.539297
-0.403133
-0.25115
-0.0886834
0.0794403
0.249006
0.416389
0.578442
0.73233
0.875361
1.00484
1.11796
1.21184
1.28354
1.33028
1.34963
1.33978
1.29968
1.22921
1.12919
1.00129
2.14461
1.9214
1.70037
1.48691
1.28658
1.10496
0.947561
0.819634
0.726105
0.671388
0.659193
0.692275
0.772152
0.898791
1.07031
1.28267
1.52949
1.80179
2.08797
2.37374
2.64247
2.87595
3.05614
3.16797
3.20287
3.16144
3.05369
2.89633
2.70843
2.50759
2.30778
2.11866
1.94599
1.79239
1.65812
1.54177
1.44079
1.35194
1.27157
1.19586
1.12104
1.04349
0.959882
0.867218
0.762911
0.644806
0.511206
0.360863
0.192976
0.00717071
-0.196533
-0.417749
-0.655762
-0.909568
-1.17791
-1.45931
-1.75207
-2.05419
-2.36326
-2.67604
-2.98789
-3.29182
-3.57718
-3.82851
-4.02535
-4.14467
-4.16691
-4.08386
-3.90323
-3.64587
-3.3377
-3.00215
-2.65658
-2.3122
-1.97543
-1.64958
-1.33605
-1.03516
-0.746666
-0.470024
-0.204558
0.0504606
0.295761
0.53204
0.75993
0.979955
1.19248
1.39761
1.59513
1.7843
1.96373
2.13119
2.2834
2.41594
2.52332
2.59932
2.63768
2.63315
2.58263
3.89102
4.37662
4.7995
5.15417
5.42644
5.59779
5.65805
5.61748
5.50501
5.35416
5.19072
5.02937
4.87641
4.73366
4.60167
4.48144
4.37486
4.28388
4.20904
4.1484
4.09757
4.05092
4.00313
3.9503
3.89022
3.82195
3.74517
3.65951
3.56412
3.45732
3.33659
3.19869
3.04009
2.85748
2.64833
2.41133
2.14669
1.85625
1.54349
1.21356
0.873271
0.531041
0.196725
-0.118788
-0.404228
-0.648827
-0.843372
-0.981245
-1.05926
-1.07803
-1.04179
-0.957644
-0.834398
-0.681374
-0.507375
-0.320026
-0.125503
0.0713982
0.266971
0.458187
0.642242
0.816149
0.976406
1.11882
1.2385
1.33009
1.38818
1.40783
1.38523
1.31817
1.20631
1.0513
0.85658
0.627062
0.368759
0.0883759
-0.207058
-0.510487
-0.815048
-1.1142
-1.40176
-1.67182
-1.91867
-2.13673
-2.32058
-2.46524
-2.56673
-2.62272
-2.63309
-2.60006
-2.52784
-2.42184
-2.28772
-2.13071
-1.95517
-1.76447
-1.56104
-1.34663
-1.12247
0.397914
-0.306708
-0.873332
-1.31323
-1.64169
-1.87576
-2.03265
-2.12882
-2.17938
-2.19772
-2.19535
-2.1818
-2.1646
-2.14936
-2.13991
-2.13842
-2.14566
-2.16112
-2.18323
-2.20953
-2.23682
-2.26129
-2.27873
-2.28454
-2.27392
-2.24186
-2.1832
-2.09266
-1.96488
-1.79451
-1.57633
-1.30544
-0.977416
-0.588619
-0.13636
0.380797
0.962625
1.60654
2.30644
3.05091
3.82089
4.58633
5.30121
5.89615
6.27555
6.34194
6.06207
5.51385
4.83662
4.14648
3.50641
2.9398
2.44932
2.02858
1.66788
1.35672
1.0849
0.842917
0.622079
0.414494
0.212968
0.0108942
-0.197855
-0.419024
-0.658036
-0.92001
-1.2097
-1.53135
-1.88833
-2.28257
-2.71357
-3.17675
-3.66085
-4.1439
-4.58836
-4.93821
-5.12606
-5.09786
-4.845
-4.41199
-3.86917
-3.28007
-2.68793
-2.11742
-1.58075
-1.08257
-0.623116
-0.19994
0.191068
0.55506
0.897794
1.22528
1.54342
1.85752
2.17169
2.48795
2.80492
3.11628
3.40897
0.47171
0.679087
0.838672
0.953126
1.02619
1.06249
1.06732
1.04641
1.00569
0.951074
0.88832
0.822869
0.759758
0.703548
0.65826
0.627321
0.613499
0.618821
0.644486
0.690764
0.75691
0.841099
0.940416
1.0509
1.16768
1.28521
1.39761
1.49907
1.58437
1.64932
1.69125
1.70919
1.70392
1.67773
1.63399
1.57662
1.50955
1.43631
1.35973
1.28178
1.20356
1.12538
1.04681
0.96692
0.884343
0.797477
0.704606
0.604031
0.494176
0.373685
0.241507
0.0969562
-0.0602328
-0.229861
-0.411235
-0.603134
-0.803788
-1.01084
-1.2213
-1.43151
-1.63704
-1.83269
-2.01248
-2.16981
-2.29779
-2.38994
-2.44101
-2.44797
-2.41064
-2.33184
-2.21687
-2.07252
-1.90598
-1.724
-1.5323
-1.33543
-1.13675
-0.938615
-0.742569
-0.549537
-0.360008
-0.174181
0.00791106
0.186298
0.360982
0.531859
0.698645
0.860803
1.01747
1.1674
1.30892
1.43985
1.5576
1.65917
1.74133
1.80088
1.83497
1.84147
1.81934
-1.83482
-2.31318
-2.78349
-3.24427
-3.69614
-4.14084
-4.57876
-5.00435
-5.39927
-5.72593
-5.92959
-5.96019
-5.80651
-5.50703
-5.12249
-4.70366
-4.28047
-3.86641
-3.46578
-3.07874
-2.70394
-2.33972
-1.98442
-1.63657
-1.2949
-0.958435
-0.626455
-0.298552
0.0254401
0.345539
0.661725
0.974071
1.28284
1.58857
1.89206
2.19439
2.49676
2.80033
3.10597
3.41378
3.72245
4.02802
4.32212
4.58944
4.80552
4.93733
4.95048
4.8239
4.56315
4.19905
3.77219
3.31726
2.857
2.40344
1.96173
1.53333
1.11813
0.715618
0.32548
-0.0521885
-0.416782
-0.767176
-1.10173
-1.4183
-1.71416
-1.98599
-2.22972
-2.44049
-2.61266
-2.74002
-2.81642
-2.83682
-2.79858
-2.70258
-2.55347
-2.35903
-2.12869
-1.87192
-1.59712
-1.31108
-1.01902
-0.724982
-0.432254
-0.143861
0.137082
0.407087
0.662129
0.897589
1.10833
1.28893
1.43404
1.53893
1.6001
1.61584
1.58658
1.51499
1.40561
1.26432
1.09754
0.981214
0.960867
0.956938
0.96633
0.986191
1.01394
1.0473
1.0843
1.12326
1.16284
1.20196
1.23984
1.27593
1.30989
1.3416
1.37108
1.39854
1.42431
1.4489
1.47296
1.49733
1.52301
1.5512
1.58326
1.62071
1.66519
1.71838
1.78198
1.85761
1.9467
2.05035
2.16921
2.30326
2.45153
2.61182
2.78017
2.95041
3.11363
3.25781
3.36829
3.42921
3.42656
3.35191
3.20527
2.99522
2.73626
2.44489
2.13656
1.824
1.51691
1.22237
0.945283
0.688929
0.455275
0.245246
0.0589071
-0.104396
-0.245913
-0.367371
-0.470866
-0.558741
-0.633482
-0.697602
-0.753543
-0.803577
-0.849718
-0.893641
-0.936623
-0.979481
-1.02254
-1.06562
-1.10805
-1.14867
-1.18597
-1.21817
-1.24336
-1.25971
-1.26563
-1.25996
-1.2421
-1.21209
-1.17062
-1.11896
-1.0588
-0.992134
-0.921043
-0.847539
-0.773428
-0.700204
-0.628994
-0.560529
-0.495153
-0.432851
-0.373295
-0.315904
-0.259905
-0.204403
-0.148443
-0.0910753
0.632685
0.523709
0.391132
0.23521
0.056549
-0.143937
-0.365071
-0.605459
-0.863547
-1.13769
-1.42623
-1.72761
-2.04041
-2.36342
-2.69558
-3.03569
-3.38185
-3.73026
-4.07335
-4.39697
-4.67756
-4.88155
-4.97134
-4.92001
-4.72715
-4.42073
-4.04239
-3.63001
-3.20975
-2.79641
-2.39698
-2.014
-1.64775
-1.29753
-0.962297
-0.64099
-0.332624
-0.0363327
0.248638
0.522947
0.787172
1.04181
1.28724
1.5237
1.7512
1.96936
2.17727
2.37321
2.55436
2.71648
2.85374
2.95879
3.02331
3.03924
3.00057
2.90499
2.7549
2.55694
2.32048
2.05577
1.77244
1.47871
1.18125
0.885405
0.595527
0.315275
0.0478739
-0.203739
-0.436826
-0.648828
-0.837376
-1.00034
-1.1359
-1.24263
-1.31964
-1.36662
-1.38396
-1.37275
-1.33483
-1.27261
-1.18902
-1.08727
-0.970728
-0.842766
-0.706675
-0.56562
-0.422641
-0.280673
-0.142575
-0.0111464
0.11088
0.220879
0.316401
0.395269
0.455698
0.496406
0.516708
0.516573
0.49664
2.09899
2.21798
2.34145
2.46576
2.58729
2.70256
2.80836
2.90179
2.98032
3.04175
3.08423
3.10625
3.10673
3.08491
3.04039
2.97294
2.88241
2.76863
2.63145
2.47086
2.28718
2.08118
1.85415
1.60792
1.34482
1.0676
0.779461
0.483987
0.185172
-0.11256
-0.404329
-0.684807
-0.948273
-1.18876
-1.4003
-1.5773
-1.71494
-1.80968
-1.85957
-1.86442
-1.82556
-1.7454
-1.62668
-1.47192
-1.28316
-1.0621
-0.810513
-0.530763
-0.226117
0.0992059
0.440247
0.791689
1.1483
1.50536
1.85901
2.2066
2.54697
2.88077
3.21069
3.5417
3.88087
4.23682
4.61829
5.03145
5.47472
5.92951
6.34701
6.64002
6.70629
6.49598
6.05712
5.49083
4.88172
4.27626
3.69372
3.13992
2.61515
2.11765
1.64492
1.19426
0.763052
0.348817
-0.0507029
-0.437656
-0.81421
-1.18271
-1.54582
-1.90659
-2.2684
-2.63478
-3.00898
-3.39323
-3.78739
-4.18686
-4.5791
-4.93909
-5.22571
-5.38524
-5.36985
0.27624
-0.070209
-0.397473
-0.703189
-0.985437
-1.24295
-1.47529
-1.6828
-1.86652
-2.02781
-2.16785
-2.28714
-2.38507
-2.45996
-2.50932
-2.53058
-2.52183
-2.48245
-2.41341
-2.31727
-2.19793
-2.06029
-1.90991
-1.75265
-1.59447
-1.44119
-1.29834
-1.17107
-1.06403
-0.981315
-0.926312
-0.901603
-0.908782
-0.948238
-1.01895
-1.11825
-1.24172
-1.38309
-1.53438
-1.68624
-1.82848
-1.95102
-2.04497
-2.10382
-2.12444
-2.10753
-2.05739
-1.98097
-1.88661
-1.78266
-1.67652
-1.574
-1.47908
-1.39395
-1.3192
-1.25413
-1.19696
-1.14519
-1.09579
-1.04545
-0.990737
-0.928279
-0.854895
-0.767709
-0.66425
-0.542524
-0.401076
-0.239026
-0.0560919
0.147408
0.370561
0.611883
0.869338
1.14035
1.42178
1.70987
2.00008
2.28678
2.56293
2.81955
3.04548
3.2277
3.35265
3.40894
3.39067
3.29976
3.14575
2.94297
2.7069
2.45118
2.18634
1.91969
1.65583
1.39741
1.14569
0.901049
0.663324
0.432027
0.206506
-1.64095
-1.24952
-0.856621
-0.465246
-0.0788709
0.298113
0.660193
1.00071
1.31196
1.58551
1.81272
1.98551
2.09737
2.14451
2.12684
2.04828
1.91636
1.74094
1.53269
1.30165
1.05633
0.803338
0.547504
0.292253
0.0401098
-0.206783
-0.446182
-0.675336
-0.890683
-1.08769
-1.26087
-1.40408
-1.51106
-1.57616
-1.59525
-1.56644
-1.49044
-1.37054
-1.21208
-1.02174
-0.806756
-0.574227
-0.330695
-0.0819009
0.167274
0.412727
0.650968
0.878894
1.09355
1.2919
1.47065
1.62618
1.7546
1.85203
1.91495
1.94071
1.92795
1.87684
1.78906
1.66756
1.51614
1.33906
1.14063
0.925
0.696034
0.457233
0.211776
-0.0374369
-0.287705
-0.536435
-0.781028
-1.01875
-1.2466
-1.46116
-1.65846
-1.83399
-1.98277
-2.09962
-2.17976
-2.21943
-2.21661
-2.17147
-2.08642
-1.96574
-1.81485
-1.6396
-1.44559
-1.23787
-1.02067
-0.797497
-0.571162
-0.343962
-0.117812
0.105608
0.324727
0.537962
0.743617
0.939781
1.12425
-0.616757
-0.569698
-0.563024
-0.59256
-0.652709
-0.737774
-0.8427
-0.963379
-1.09662
-1.23999
-1.39153
-1.54951
-1.71225
-1.87795
-2.04464
-2.21015
-2.37221
-2.52857
-2.67706
-2.81575
-2.94296
-3.05732
-3.15772
-3.24329
-3.31336
-3.36743
-3.40516
-3.42632
-3.43075
-3.41834
-3.38899
-3.34277
-3.28013
-3.20208
-3.1103
-3.00719
-2.89574
-2.77944
-2.66217
-2.5481
-2.44158
-2.34706
-2.26899
-2.21169
-2.1792
-2.17514
-2.20242
-2.26287
-2.35667
-2.48153
-2.63171
-2.79686
-2.96139
-3.10465
-3.20289
-3.23271
-3.17503
-3.01792
-2.7573
-2.39599
-1.94213
-1.40794
-0.808652
-0.161761
0.513896
1.1991
1.87525
2.52521
3.13356
3.68591
4.16696
4.55853
4.84005
4.99495
5.02167
4.94029
4.78639
4.59706
4.4003
4.21256
4.04105
3.88728
3.74984
3.62624
3.51399
3.41115
3.31644
3.2291
3.14854
3.0741
3.00483
2.93956
2.87713
2.81672
2.75806
2.70159
2.64846
2.60036
2.55937
-3.55173
-3.49486
-3.43252
-3.34905
-3.23019
-3.06412
-2.84244
-2.56076
-2.21862
-1.81863
-1.36522
-0.863618
-0.319717
0.25935
0.864522
1.48455
2.10648
2.71681
3.30323
3.8566
4.3729
4.85386
5.30511
5.73074
6.12408
6.45749
6.68123
6.74711
6.64907
6.43359
6.16401
5.88627
5.62273
5.38089
5.16236
4.968
4.7994
4.65769
4.54137
4.44519
4.36103
4.28022
4.19568
4.10288
3.99958
3.88504
3.75922
3.62222
3.47393
3.31389
3.14125
2.95478
2.75293
2.53405
2.29659
2.03944
1.7624
1.4665
1.15448
0.831074
0.503197
0.17991
-0.127911
-0.408263
-0.649062
-0.839475
-0.97133
-1.04032
-1.04662
-0.994805
-0.892862
-0.750839
-0.579291
-0.388029
-0.185325
0.0223846
0.230399
0.435389
0.634893
0.826784
1.00876
1.17793
1.33054
1.46192
1.56659
1.63874
1.67274
1.66386
1.60882
1.50619
1.35651
1.16224
0.927422
0.657391
0.358395
0.0372481
-0.298973
-0.643186
-0.988482
2.53753
2.83329
3.12274
3.39902
3.6511
3.86295
4.01413
4.08312
4.05388
3.92275
3.70091
3.41001
3.07436
2.71482
2.34643
1.97871
1.6172
1.26486
0.923166
0.592801
0.274104
-0.0327074
-0.327399
-0.609635
-0.878914
-1.1345
-1.37536
-1.60002
-1.80651
-1.99217
-2.15365
-2.28685
-2.38714
-2.44983
-2.47078
-2.4473
-2.37886
-2.26746
-2.11745
-1.93484
-1.72646
-1.4991
-1.259
-1.01163
-0.761672
-0.513183
-0.269752
-0.0346847
0.188866
0.397826
0.589173
0.75997
0.907442
1.0291
1.12291
1.18743
1.22202
1.2269
1.20322
1.15298
1.0789
0.984214
0.872461
0.747258
0.61216
0.470563
0.325672
0.180507
0.0379381
-0.0992716
-0.228435
-0.346934
-0.452244
-0.541996
-0.614069
-0.666705
-0.698624
-0.709133
-0.69819
-0.666428
-0.615116
-0.546077
-0.461571
-0.364159
-0.256574
-0.141614
-0.0220498
0.0994188
0.220196
0.337796
0.449838
0.554041
0.648228
0.730344
0.79849
0.85098
0.886411
0.903733
0.902317
1.12174
0.918472
0.733913
0.568323
0.422028
0.295344
0.188526
0.101722
0.0349491
-0.0119231
-0.0391802
-0.0472619
-0.0367575
-0.00839777
0.0369562
0.0983266
0.174636
0.264729
0.367398
0.481415
0.605565
0.738685
0.8797
1.02766
1.18178
1.34144
1.50624
1.67597
1.85062
2.03037
2.21555
2.4066
2.60401
2.80818
3.01925
3.23674
3.45901
3.6824
3.89999
4.10011
4.26517
4.37198
4.39551
4.31676
4.13124
3.85188
3.50326
3.11215
2.70065
2.28418
1.87248
1.4715
1.08502
0.71571
0.36569
0.0368318
-0.26916
-0.550742
-0.80656
-1.03548
-1.23663
-1.40937
-1.5533
-1.66824
-1.75422
-1.81145
-1.84038
-1.84171
-1.81647
-1.76603
-1.69216
-1.597
-1.483
-1.35288
-1.2095
-1.05589
-0.895165
-0.730528
-0.565278
-0.402795
-0.246509
-0.099834
0.0339309
0.151737
0.250938
0.329449
0.385878
0.419619
0.430889
0.42069
0.390721
0.343233
0.280868
0.2065
0.123089
0.0335854
-0.0591447
-0.152344
-0.24337
1.42003
0.928635
0.483182
0.0784756
-0.290418
-0.628274
-0.939886
-1.23028
-1.50485
-1.76951
-2.03071
-2.29536
-2.57067
-2.8637
-3.18073
-3.52596
-3.89941
-4.29336
-4.68705
-5.04089
-5.29558
-5.38604
-5.27237
-4.96437
-4.5122
-3.97496
-3.39904
-2.81423
-2.23804
-1.68058
-1.14755
-0.641885
-0.164615
0.284743
0.707915
1.1077
1.48779
1.85255
2.2066
2.55425
2.89848
3.23953
3.57286
3.8867
4.16006
4.36346
4.46505
4.44221
4.29213
4.03251
3.69203
3.29927
2.87667
2.43967
1.99829
1.55888
1.12548
0.700642
0.285872
-0.118116
-0.511263
-0.894073
-1.26749
-1.63276
-1.99109
-2.34324
-2.68873
-3.02477
-3.3448
-3.63685
-3.88263
-4.05852
-4.14055
-4.11266
-3.97416
-3.74039
-3.43608
-3.08659
-2.7124
-2.3277
-1.94133
-1.55837
-1.18146
-0.811846
-0.449909
-0.0955723
0.251489
0.591692
0.925414
1.25284
1.57376
1.88729
2.19141
2.48249
2.75457
2.9988
3.20317
3.35325
3.43439
2.14951
2.45498
2.74535
3.02117
3.28454
3.53943
3.79192
4.05007
4.323
4.61922
4.94452
5.30057
5.68432
6.0872
6.49093
6.85732
7.11512
7.1642
6.92927
6.43582
5.79871
5.13067
4.49218
3.90092
3.35377
2.84088
2.35196
1.87863
1.41501
0.957527
0.504468
0.055536
-0.388571
-0.826415
-1.25593
-1.67441
-2.0784
-2.46363
-2.82502
-3.15671
-3.45202
-3.70324
-3.90112
-4.03473
-4.09226
-4.06367
-3.94489
-3.74127
-3.46752
-3.14342
-2.78809
-2.41613
-2.03651
-1.6536
-1.26875
-0.881954
-0.492955
-0.102171
0.288728
0.676384
1.05543
1.41828
1.75502
2.05362
2.30052
2.48206
2.58654
2.60691
2.54296
2.40196
2.19717
1.94485
1.66112
1.35968
1.0509
0.741798
0.436639
0.137695
-0.15398
-0.437847
-0.713254
-0.978879
-1.23224
-1.46931
-1.6843
-1.86975
-2.017
-2.11727
-2.16305
-2.14959
-2.07602
-1.9455
-1.76458
-1.54195
-1.28707
-1.00915
-0.716417
-0.41586
-0.113173
-0.426283
-0.667871
-0.917957
-1.17057
-1.42057
-1.66374
-1.89687
-2.1179
-2.32599
-2.52153
-2.70609
-2.88211
-3.05243
-3.21965
-3.38544
-3.55018
-3.71287
-3.87155
-4.02372
-4.16657
-4.29657
-4.40852
-4.49422
-4.54153
-4.53479
-4.45776
-4.29907
-4.05756
-3.74338
-3.37376
-2.96654
-2.53586
-2.09123
-1.6386
-1.1821
-0.725536
-0.273339
0.168928
0.594381
0.994885
1.3613
1.68389
1.95292
2.15947
2.29652
2.36011
2.35047
2.27248
2.13519
1.95035
1.73049
1.48715
1.22976
0.965279
0.698371
0.431986
0.168017
-0.092043
-0.346485
-0.592877
-0.827663
-1.04592
-1.24134
-1.40649
-1.53348
-1.61489
-1.64497
-1.62067
-1.54231
-1.41357
-1.24086
-1.03239
-0.797018
-0.543408
-0.27939
-0.0116571
0.254304
0.514098
0.764191
1.00162
1.22364
1.42745
1.60993
1.76753
1.89633
1.99231
2.05182
2.07214
2.05188
1.9913
1.89221
1.75768
1.59161
1.3983
1.1821
0.947194
0.697512
0.43667
0.167996
0.760014
0.808239
0.906881
1.03577
1.17783
1.31903
1.44812
1.55633
1.63708
1.68557
1.69859
1.67423
1.61171
1.51119
1.37376
1.20128
0.996435
0.762659
0.504157
0.225823
-0.0668757
-0.368101
-0.67195
-0.972861
-1.26607
-1.54804
-1.8166
-2.07076
-2.30987
-2.53238
-2.73444
-2.90925
-3.04754
-3.13933
-3.17642
-3.15421
-3.0725
-2.93503
-2.74849
-2.52133
-2.26286
-1.98244
-1.68887
-1.39
-1.09248
-0.801851
-0.522801
-0.259597
-0.0165519
0.201565
0.38925
0.5402
0.647505
0.70409
0.703375
0.640058
0.510898
0.315391
0.0562501
-0.260376
-0.624933
-1.02475
-1.4445
-1.8668
-2.2729
-2.64342
-2.95947
-3.20445
-3.36674
-3.4428
-3.43898
-3.37051
-3.25753
-3.12022
-2.97526
-2.83432
-2.70415
-2.58759
-2.48464
-2.39347
-2.31118
-2.23436
-2.15953
-2.08338
-2.00299
-1.91595
-1.82037
-1.71491
-1.59872
-1.47133
-1.33259
-1.18259
-1.02155
-0.84982
-0.667863
-0.476245
-0.275652
-0.0668857
0.149156
0.112626
0.623166
1.15054
1.69077
2.2383
2.78533
3.32132
3.83268
4.30254
4.70995
5.02833
5.22513
5.26758
5.13792
4.85002
4.44926
3.99186
3.52288
3.06818
2.63755
2.23088
1.84305
1.46709
1.09577
0.722484
0.341651
-0.0510392
-0.458467
-0.881894
-1.32067
-1.7718
-2.22928
-2.68315
-3.11829
-3.5131
-3.83893
-4.06219
-4.15139
-4.08889
-3.88094
-3.55699
-3.15775
-2.72143
-2.27624
-1.83953
-1.42006
-1.02081
-0.641225
-0.278744
0.070176
0.409376
0.742471
1.07238
1.40084
1.72779
2.0506
2.36327
2.6555
2.91233
3.11479
3.24256
3.27867
3.21479
3.05417
2.81049
2.50323
2.15266
1.77645
1.38836
0.99829
0.612915
0.236415
-0.128863
-0.481854
-0.822281
-1.15019
-1.46543
-1.76712
-2.05301
-2.31881
-2.55772
-2.7603
-2.91515
-3.0107
-3.0378
-2.99237
-2.87667
-2.69857
-2.46934
-2.20109
-1.90494
-1.59011
-1.2638
-0.931436
-0.597042
-0.263557
0.0668501
0.392546
0.712211
3.95831
4.26861
4.5465
4.79939
5.03697
5.26772
5.4945
5.70978
5.89304
6.01536
6.05384
6.00638
5.89149
5.73435
5.55473
5.36413
5.16888
4.97437
4.78761
4.61702
4.46953
4.34671
4.24288
4.14654
4.04433
3.92496
3.78136
3.6109
3.41438
3.195
2.95735
2.70691
2.44943
2.19057
1.93546
1.68845
1.45301
1.23183
1.02706
0.840583
0.67431
0.530369
0.411178
0.319341
0.257382
0.22732
0.230178
0.265512
0.331074
0.42274
0.534736
0.660161
0.791721
0.922542
1.0469
1.16072
1.26185
1.34993
1.42605
1.49231
1.55118
1.60502
1.6556
1.70388
1.74979
1.79226
1.82928
1.8581
1.87541
1.87766
1.86123
1.82271
1.7591
1.66794
1.54743
1.39653
1.21495
1.0032
0.76252
0.494786
0.202443
-0.111635
-0.444261
-0.792078
-1.15169
-1.51977
-1.89316
-2.26879
-2.64343
-3.01309
-3.37188
-3.71033
-4.01354
-4.26008
-4.42395
-4.48145
-4.42147
-4.25222
-3.99812
4.24709
4.61957
5.0008
5.37074
5.71768
6.03915
6.33806
6.61398
6.85267
7.02139
7.08308
7.0296
6.89831
6.74673
6.61949
6.53954
6.51524
6.54917
6.64424
6.8074
7.05084
7.39002
7.83909
8.40317
9.05763
9.6931
10.0384
9.76182
8.89863
7.84298
6.86533
6.03085
5.32271
4.7088
4.16113
3.6594
3.19038
2.74637
2.32366
1.92123
1.53991
1.18181
0.84986
0.547571
0.278693
0.0469538
-0.144202
-0.291845
-0.39374
-0.44846
-0.45543
-0.414908
-0.327935
-0.196266
-0.0223242
0.190843
0.439602
0.719811
1.02694
1.35627
1.70317
2.06345
2.4337
2.81172
3.19678
3.58973
3.99252
4.40695
4.83189
5.25818
5.66085
5.99098
6.17787
6.15734
5.91783
5.51328
5.02281
4.50821
4.00312
3.521
3.06477
2.63287
2.2223
1.82991
1.45289
1.08897
0.736343
0.393669
0.059921
-0.265691
-0.583824
-0.895085
-1.20008
-1.49942
-1.79372
-2.08352
-2.36917
-2.65067
-2.92736
-2.67249
-2.47955
-2.24222
-1.96909
-1.66805
-1.34601
-1.00889
-0.661726
-0.308781
0.0463305
0.400566
0.751371
1.09655
1.4341
1.76189
2.07726
2.37641
2.65376
2.90133
3.1086
3.2632
3.35311
3.36972
3.3109
3.18194
2.99404
2.76103
2.49626
2.21084
1.91304
1.60861
1.30137
0.993774
0.687374
0.38318
0.0818738
-0.216028
-0.510054
-0.799672
-1.08417
-1.36249
-1.63307
-1.89352
-2.14036
-2.36865
-2.57176
-2.74135
-2.86793
-2.94209
-2.95643
-2.90759
-2.79745
-2.63288
-2.42403
-2.18218
-1.91787
-1.63986
-1.35493
-1.06803
-0.78271
-0.501512
-0.226346
0.0412474
0.299877
0.548142
0.784494
1.00713
1.21391
1.40228
1.56926
1.7115
1.82545
1.9076
1.95497
1.9655
1.9385
1.87492
1.77734
1.64965
1.49663
1.32345
1.13517
0.936536
0.731805
0.524745
0.318698
0.116686
-0.0784858
-0.264146
-0.437693
-0.596574
-0.738301
-0.860507
-0.961043
-1.0381
-1.09037
-1.11712
-1.11837
-1.09486
4.29223
4.01727
3.7565
3.51074
3.27569
3.04335
2.80473
2.55224
2.28118
1.99001
1.67991
1.35403
1.01675
0.673113
0.328421
-0.0120022
-0.342955
-0.65945
-0.956792
-1.23069
-1.4774
-1.69391
-1.87818
-2.02931
-2.14771
-2.23503
-2.29395
-2.32764
-2.33906
-2.33025
-2.30189
-2.25317
-2.1822
-2.08676
-1.96506
-1.81644
-1.64173
-1.44325
-1.22465
-0.990604
-0.746446
-0.497895
-0.250813
-0.0110277
0.215803
0.424297
0.609458
0.766771
0.892323
0.982903
1.0361
1.05033
1.02491
0.959933
0.856225
0.715205
0.538772
0.329205
0.0891115
-0.178607
-0.470782
-0.784039
-1.1149
-1.45997
-1.81614
-2.18092
-2.55263
-2.93063
-3.31528
-3.70748
-4.10748
-4.51255
-4.91285
-5.28547
-5.58892
-5.76562
-5.76285
-5.5667
-5.21519
-4.77244
-4.29446
-3.81572
-3.35251
-2.91035
-2.48956
-2.08833
-1.70431
-1.33518
-0.978979
-0.634088
-0.29923
0.0266088
0.34425
0.654392
0.95766
1.25463
1.54583
1.83167
2.11241
4.62125
3.89761
2.98117
1.91355
0.733865
-0.510086
-1.7505
-2.89302
-3.81918
-4.40579
-4.56939
-4.31982
-3.76881
-3.0704
-2.3531
-1.69544
-1.13444
-0.681256
-0.333133
-0.0807198
0.0878629
0.184829
0.221631
0.208491
0.154316
0.0668326
-0.047141
-0.181319
-0.32952
-0.485203
-0.641015
-0.788394
-0.917307
-1.01621
-1.07228
-1.07202
-1.00214
-0.850765
-0.608717
-0.270903
0.162421
0.684584
1.28172
1.93238
2.60739
3.26996
3.87575
4.3742
4.71456
4.86104
4.81271
4.61049
4.31972
4.00331
3.70622
3.45421
3.25881
3.12263
3.04323
3.01549
3.03314
3.08964
3.1788
3.29521
3.43451
3.59362
3.77091
3.96626
4.18104
4.41785
4.6801
4.97126
5.29374
5.64665
6.02117
6.39198
6.70512
6.8728
6.80165
6.46169
5.9215
5.29095
4.65122
4.0401
3.46777
2.93246
2.42898
1.95235
1.49896
1.06666
0.654549
0.262571
-0.108766
-0.458639
-0.786069
-1.09002
-1.36947
-1.62347
-1.85126
-2.40897
-2.44878
-2.49624
-2.54725
-2.59822
-2.64604
-2.68801
-2.72185
-2.7456
-2.7577
-2.75691
-2.74233
-2.7134
-2.66989
-2.61183
-2.5395
-2.45346
-2.35449
-2.24362
-2.12215
-1.99162
-1.8538
-1.71066
-1.56431
-1.41696
-1.27094
-1.12859
-0.992316
-0.864543
-0.747737
-0.644419
-0.557197
-0.488797
-0.442106
-0.420205
-0.426401
-0.464248
-0.537537
-0.650254
-0.806479
-1.01019
-1.26491
-1.57317
-1.93553
-2.34908
-2.80513
-3.28566
-3.75888
-4.17539
-4.47003
-4.57677
-4.45656
-4.11886
-3.61492
-3.0103
-2.36223
-1.71194
-1.08623
-0.501125
0.0350311
0.519446
0.953393
1.34107
1.68862
2.00314
2.29173
2.56042
2.81298
3.04971
3.26643
3.45412
3.59993
3.6899
3.71259
3.66211
3.53882
3.34786
3.09677
2.79366
2.44641
2.06247
1.64903
1.21307
0.76137
0.30033
-0.164179
-0.627002
-1.08387
-1.53159
-1.9681
-2.39245
-2.80445
-3.20378
-3.58845
-3.95246
-4.28286
-4.55767
-4.74735
-4.82315
2.53932
1.53638
0.688395
0.00793743
-0.504498
-0.858317
-1.07031
-1.16189
-1.15642
-1.07691
-0.944353
-0.776762
-0.588779
-0.391798
-0.194374
-0.00278302
0.178389
0.345697
0.496371
0.62795
0.737997
0.823909
0.882775
0.911299
0.905755
0.861981
0.775407
0.641124
0.454009
0.208929
-0.0989491
-0.473678
-0.917814
-1.43133
-2.00997
-2.64269
-3.3079
-3.96799
-4.56307
-5.00896
-5.21231
-5.11232
-4.72408
-4.13245
-3.44071
-2.72962
-2.04874
-1.42392
-0.866144
-0.377537
0.0450776
0.408059
0.719642
0.989063
1.22595
1.43987
1.63992
1.83439
2.03028
2.23272
2.44416
2.66331
2.88389
3.09373
3.27471
3.40474
3.46187
3.42942
3.29972
3.07454
2.7627
2.37693
1.93147
1.4407
0.918646
0.378579
-0.167278
-0.708104
-1.2348
-1.74017
-2.21894
-2.66721
-3.08156
-3.45742
-3.7873
-4.05957
-4.25931
-4.37245
-4.39216
-4.3235
-4.18212
-3.98814
-3.75988
-3.51067
-3.24868
-2.97822
-2.70125
-2.41855
-2.13043
1.22136
0.876393
0.536472
0.206652
-0.107903
-0.402024
-0.670644
-0.908915
-1.11238
-1.27714
-1.40013
-1.47922
-1.51341
-1.50285
-1.44868
-1.35287
-1.21785
-1.04632
-0.841008
-0.604677
-0.340195
-0.0506558
0.260533
0.589662
0.93284
1.28622
1.64631
2.0103
2.37644
2.74433
3.11519
3.49182
3.87822
4.27852
4.69475
5.12273
5.54508
5.92206
6.1866
6.26048
6.10045
5.73574
5.24566
4.70654
4.16563
3.64442
3.1496
2.68107
2.23618
1.81167
1.4044
1.01168
0.631249
0.261312
-0.0996107
-0.452766
-0.799276
-1.14021
-1.47663
-1.80956
-2.13986
-2.46811
-2.79425
-3.11715
-3.43381
-3.73825
-4.0199
-4.26193
-4.44073
-4.52861
-4.50178
-4.35128
-4.0892
-3.74383
-3.34769
-2.92768
-2.50166
-2.07957
-1.66603
-1.26265
-0.869608
-0.486641
-0.113561
0.249455
0.601706
0.941874
1.26793
1.57704
1.86541
2.1282
2.35937
2.55175
2.69743
2.78859
2.81888
2.78508
2.68833
2.5344
2.33258
-2.21784
-1.77547
-1.35744
-0.957874
-0.572479
-0.198171
0.167362
0.526038
0.879725
1.23052
1.58097
1.93421
2.294
2.66457
3.05026
3.45493
3.88111
4.3287
4.79285
5.26001
5.70116
6.06329
6.26841
6.23932
5.95319
5.4683
4.88192
4.27321
3.68513
3.1337
2.62078
2.14221
1.69189
1.26358
0.851658
0.451278
0.0584313
-0.330161
-0.717126
-1.10448
-1.49361
-1.88511
-2.27851
-2.67183
-3.06085
-3.43804
-3.79106
-4.10103
-4.3418
-4.48235
-4.49501
-4.36788
-4.11314
-3.76273
-3.35473
-2.92114
-2.48329
-2.05282
-1.63465
-1.2297
-0.836842
-0.454049
-0.079158
0.289703
0.653814
1.0136
1.36835
1.71588
2.0521
2.3705
2.66165
2.91297
3.10926
3.23452
3.27533
3.22501
3.08645
2.87175
2.59868
2.28604
1.95016
1.60341
1.25416
0.907535
0.566357
0.231976
-0.095052
-0.41442
-0.725625
-1.02757
-1.31818
-1.59406
-1.85015
-2.07959
-2.27387
-2.42341
-2.51886
-2.55288
-2.52188
1.66592
1.61092
1.5253
1.41077
1.26964
1.10465
0.918806
0.715211
0.497007
0.267311
0.0291945
-0.214316
-0.460213
-0.705457
-0.94691
-1.18123
-1.40475
-1.6134
-1.80258
-1.96726
-2.10217
-2.20219
-2.26305
-2.28201
-2.25841
-2.1939
-2.09217
-1.95833
-1.79812
-1.61721
-1.42073
-1.21304
-0.997669
-0.777424
-0.554514
-0.330701
-0.107451
0.113944
0.332244
0.546161
0.754258
0.954856
1.14594
1.32509
1.48942
1.63559
1.75988
1.85841
1.92749
1.96402
1.96602
1.93297
1.86601
1.76783
1.64234
1.49417
1.32818
1.14909
0.961196
0.768297
0.573644
0.380014
0.189789
0.00504915
-0.172344
-0.340672
-0.498303
-0.643653
-0.775167
-0.891321
-0.990651
-1.0718
-1.13362
-1.1752
-1.19604
-1.19605
-1.17568
-1.13589
-1.07812
-1.00423
-0.91642
-0.817092
-0.708769
-0.594
-0.475294
-0.355072
-0.235642
-0.119178
-0.00770756
0.0969028
0.19296
0.278968
0.353649
0.415974
0.46519
0.500841
0.522786
0.531201
0.526574
0.384154
0.374837
0.442175
0.589912
0.819384
1.12915
1.51478
1.96875
2.48077
3.03835
3.6277
4.23449
4.84304
5.43234
5.9671
6.38735
6.61258
6.58297
6.31613
5.90315
5.44349
5.00108
4.6043
4.26081
3.96896
3.72378
3.51971
3.35159
3.21502
3.10644
3.02304
2.96266
2.92371
2.90506
2.90597
2.92612
2.96543
3.02408
3.10227
3.20005
3.3169
3.4513
3.59993
3.7567
3.91152
4.04914
4.1489
4.18678
4.14074
3.99822
3.76157
3.44689
3.07748
2.67652
2.26308
1.85132
1.45139
1.07067
0.71469
0.387648
0.0926811
-0.168044
-0.393317
-0.582869
-0.737347
-0.858243
-0.9478
-1.00887
-1.04477
-1.05911
-1.05563
-1.03804
-1.00993
-0.974596
-0.93502
-0.893792
-0.853088
-0.814669
-0.779884
-0.749693
-0.724691
-0.70514
-0.691004
-0.681993
-0.677613
-0.677218
-0.680069
-0.685396
-0.692454
-0.700566
-0.709162
-0.717787
-0.726105
-0.733874
-0.740914
-0.747057
-0.752107
-0.75579
-0.757715
-3.60394
-3.76083
-3.93251
-4.11957
-4.32202
-4.53863
-4.76562
-4.99432
-5.20778
-5.37725
-5.4622
-5.41963
-5.22431
-4.88587
-4.44394
-3.94531
-3.42592
-2.90668
-2.39758
-1.90271
-1.42384
-0.962325
-0.519838
-0.0986393
0.298527
0.668604
1.00843
1.31492
1.58527
1.81705
2.00831
2.15764
2.26418
2.32772
2.34876
2.32865
2.2697
2.17518
2.04918
1.89629
1.72125
1.52863
1.3226
1.10693
0.885069
0.660353
0.436239
0.216498
0.00533405
-0.192597
-0.372303
-0.528705
-0.656998
-0.753092
-0.814054
-0.838471
-0.826648
-0.780582
-0.703723
-0.600571
-0.476204
-0.335829
-0.184433
-0.0265638
0.13375
0.29297
0.447937
0.595726
0.7335
0.858387
0.967426
1.05758
1.12585
1.16944
1.18599
1.1738
1.13202
1.06078
0.961144
0.835107
0.685385
0.515265
0.328408
0.128688
-0.0799406
-0.293536
-0.508222
-0.720197
-0.925721
-1.12107
-1.30252
-1.46631
-1.60868
-1.72604
-1.81513
-1.87337
-1.89911
-1.89187
-1.85243
-1.19544
-0.949005
-0.697153
-0.442591
-0.191093
0.04839
0.264205
0.44318
0.572505
0.642014
0.646297
0.585969
0.467623
0.302469
0.10415
-0.113576
-0.338703
-0.562071
-0.777713
-0.982594
-1.17598
-1.35861
-1.53189
-1.69714
-1.85494
-2.00473
-2.14459
-2.27123
-2.38026
-2.46662
-2.52505
-2.55063
-2.53913
-2.48732
-2.39302
-2.25528
-2.07429
-1.85143
-1.58915
-1.29081
-0.960484
-0.602697
-0.222224
0.176083
0.587452
1.00734
1.43166
1.85697
2.28075
2.70151
3.11853
3.53115
3.93712
4.32973
4.69381
5.00186
5.21454
5.29139
5.21165
4.9891
4.66437
4.28288
3.87907
3.47328
3.07535
2.68888
2.3144
1.95112
1.59778
1.25313
0.916038
0.585562
0.260923
-0.0585177
-0.373317
-0.683997
-0.991086
-1.29515
-1.59678
-1.89655
-2.1949
-2.49197
-2.78719
-3.07879
-3.36295
-3.63263
-3.87621
-4.07651
-4.2114
-4.2577
-4.19879
-4.03234
-3.77251
-3.44414
-3.07363
-2.68246
-2.28525
-1.89074
-1.50367
-4.06057
-4.05777
-4.05772
-4.06062
-4.06829
-4.08418
-4.11326
-4.16188
-4.23745
-4.34789
-4.50072
-4.70127
-4.94937
-5.23372
-5.52434
-5.7675
-5.89435
-5.85005
-5.62352
-5.24525
-4.75926
-4.202
-3.59855
-2.96668
-2.32071
-1.67302
-1.03423
-0.413064
0.183543
0.750269
1.28334
1.78069
2.24232
2.67055
3.07007
3.44743
3.80982
4.16291
4.50746
4.83487
5.12283
5.33542
5.43329
5.39324
5.22191
4.94932
4.61032
4.23192
3.83089
3.41674
2.99504
2.5696
2.14342
1.71889
1.29783
0.881555
0.471002
0.0668663
-0.330321
-0.720228
-1.10284
-1.47866
-1.84886
-2.21542
-2.58116
-2.94956
-3.32423
-3.708
-4.10112
-4.49839
-4.88452
-5.22864
-5.48165
-5.58537
-5.49945
-5.22943
-4.82435
-4.34574
-3.84143
-3.33935
-2.85256
-2.38557
-1.93873
-1.51053
-1.09885
-0.701461
-0.316228
0.058791
0.425366
0.785109
1.13947
1.48971
1.83678
2.18107
2.5221
2.85789
3.18412
3.49288
3.77136
4.17169
3.55391
3.06911
2.6981
2.42329
2.22948
2.10395
2.03632
2.01836
2.04376
2.10797
2.20807
2.34276
2.51236
2.71889
2.96606
3.25921
3.60482
4.0097
4.47965
5.01739
5.61927
6.26836
6.91922
7.472
7.75919
7.62008
7.06161
6.26771
5.42375
4.62604
3.90551
3.26425
2.69455
2.18611
1.72864
1.3127
0.929948
0.573165
0.2361
-0.0867386
-0.400332
-0.709372
-1.01846
-1.33226
-1.65553
-1.99312
-2.34977
-2.72973
-3.13605
-3.56937
-4.02595
-4.49417
-4.94912
-5.34606
-5.61864
-5.69449
-5.53362
-5.15988
-4.6457
-4.06758
-3.47893
-2.90852
-2.36878
-1.86323
-1.39089
-0.948694
-0.532563
-0.138009
0.239601
0.604899
0.962414
1.31645
1.6709
2.02888
2.39219
2.76046
3.12975
3.49077
3.82659
4.11114
4.31061
4.39079
4.33007
4.13056
3.81742
3.42693
2.99334
2.54228
2.09027
1.64678
1.2166
0.801568
0.401773
0.0162085
-0.356749
-0.719022
-1.07254
-1.41895
0.891678
0.743306
0.60406
0.476283
0.362322
0.264547
0.185271
0.12659
0.0901594
0.0769527
0.0870587
0.11956
0.172533
0.243171
0.328018
0.423271
0.525095
0.629901
0.734548
0.836452
0.933595
1.02445
1.10786
1.18286
1.24852
1.30385
1.34763
1.37844
1.39463
1.39442
1.37598
1.33754
1.27757
1.19484
1.08854
0.95837
0.804534
0.62781
0.429518
0.211508
-0.0238827
-0.273872
-0.535281
-0.804562
-1.07781
-1.35073
-1.61854
-1.87583
-2.1164
-2.33319
-2.51834
-2.66368
-2.76175
-2.8071
-2.79765
-2.73542
-2.62616
-2.4781
-2.30029
-2.10121
-1.88797
-1.66596
-1.43906
-1.20984
-0.979906
-0.750208
-0.521248
-0.293277
-0.0664228
0.159205
0.38343
0.605938
0.826198
1.04338
1.25624
1.46304
1.66133
1.84792
2.01865
2.1685
2.29166
2.38204
2.43395
2.44306
2.40736
2.32764
2.20753
2.05284
1.87053
1.66781
1.45135
1.22689
0.999183
0.771982
0.548257
0.330333
0.120064
-0.0810364
-0.271681
-3.19321
-2.27966
-1.26266
-0.125045
1.14082
2.52452
3.98538
5.43411
6.70632
7.5408
7.65156
6.98822
5.85302
4.60375
3.44017
2.43598
1.60729
0.947517
0.441164
0.0694376
-0.187146
-0.347492
-0.429362
-0.449234
-0.422417
-0.363318
-0.285781
-0.203438
-0.129999
-0.0794253
-0.0658963
-0.10351
-0.205658
-0.384044
-0.647362
-0.999698
-1.43875
-1.95398
-2.52485
-3.11919
-3.69195
-4.18572
-4.53663
-4.69087
-4.62953
-4.38322
-4.01853
-3.60783
-3.20777
-2.85421
-2.5661
-2.35089
-2.20875
-2.13544
-2.12417
-2.16685
-2.25502
-2.38038
-2.53527
-2.71295
-2.90783
-3.11562
-3.33349
-3.56019
-3.7962
-4.04381
-4.30697
-4.59093
-4.9015
-5.244
-5.62151
-6.03151
-6.45864
-6.86158
-7.15795
-7.23149
-6.99886
-6.49391
-5.8429
-5.16174
-4.51028
-3.9065
-3.34908
-2.83059
-2.34319
-1.88054
-1.43825
-1.01364
-0.605337
-0.212925
0.16344
0.523249
0.865779
1.19017
1.49541
1.78038
2.04385
2.28455
2.50125
-1.91097
-1.99161
-2.00773
-1.94634
-1.79802
-1.55803
-1.22685
-0.810213
-0.318733
0.232678
0.825629
1.43923
2.05107
2.63805
3.17675
3.6435
4.01497
4.27115
4.40161
4.41244
4.32757
4.18143
4.00787
3.8327
3.67177
3.53266
3.41737
3.32453
3.25113
3.19358
3.14837
3.11255
3.08389
3.061
3.04317
3.03015
3.02188
3.01821
3.01875
3.02295
3.03022
3.04015
3.05271
3.06827
3.08752
3.11123
3.13991
3.17341
3.2104
3.24787
3.28072
3.30143
3.3004
3.26681
3.19043
3.06385
2.8844
2.65476
2.38222
2.07693
1.75015
1.41306
1.07607
0.74864
0.439163
0.154935
-0.0979824
-0.314903
-0.492653
-0.629665
-0.725974
-0.783131
-0.803997
-0.79247
-0.753157
-0.691046
-0.611211
-0.518592
-0.417852
-0.313318
-0.208986
-0.108567
-0.0155305
0.0668497
0.135503
0.18761
0.220697
0.232773
0.222476
0.189219
0.133287
0.0558853
-0.0408887
-0.154147
-0.280365
-0.415585
-0.555628
-0.696307
-0.833615
